//JobNo,Skill-ID,MaxLv{,BaseLvReq,JobLvReq},Prerequisite Skill-ID-1,Prerequisite Skill-ID-1-Lv,PrereqSkill-ID-2,PrereqSkill-ID-2-Lv,PrereqSkill-ID-3,PrereqSkill-ID-3-Lv,PrereqSkill-ID-4,PrereqSkill-ID-4-Lv,PrereqSkill-ID-5,PrereqSkill-ID-5-Lv//CLASS_SKILLNAME#Skill Name#
//Novice
0,1,8,0,0,0,0,0,0,0,0,0,0 //SK_NV_BASIC
0,5067,1,0,0,0,0,0,0,0,0,0,0 //SK_NV_EQSWITCH
//0,142,1,0,0,0,0,0,0,0,0,0,0 //SK_NV_FIRSTAID
//0,143,1,0,0,0,0,0,0,0,0,0,0 //SK_NV_TRICKDEAD

//Swordsman
1,1,8,0,0,0,0,0,0,0,0,0,0 //SK_NV_BASIC
1,5067,1,0,0,0,0,0,0,0,0,0,0 //SK_NV_EQSWITCH
1,3,5,0,0,0,0,0,0,0,0,0,0 //SK_SM_TWOHAND
1,398,5,3,5,0,0,0,0,0,0,0,0 //SK_SM_TRAUMATIC_STRIKE
1,6,5,398,5,0,0,0,0,0,0,0,0 //SK_SM_PROVOKE
1,146,5,6,5,0,0,0,0,0,0,0,0 //SK_SM_AUTOBERSERK
1,55,5,0,0,0,0,0,0,0,0,0,0 //SK_SM_SPEARMASTERY
1,5,5,55,5,0,0,0,0,0,0,0,0 //SK_SM_BASH
1,813,5,5,5,0,0,0,0,0,0,0,0 //SK_SM_SPEARSTANCE
1,58,5,813,5,0,0,0,0,0,0,0,0 //SK_SM_SPEARSTAB
1,2,5,0,0,0,0,0,0,0,0,0,0 //SK_SM_SWORD
1,399,5,2,5,0,0,0,0,0,0,0,0 //SK_SM_LIGHTNING_STRIKE
1,819,5,399,5,0,0,0,0,0,0,0,0 //SK_SM_SPIRITGROWTH
1,7,5,819,5,0,0,0,0,0,0,0,0 //SK_SM_MAGNUM
1,4,5,3,5,55,5,0,0,0,0,0,0 //SK_SM_RECOVERY
1,248,5,4,5,0,0,0,0,0,0,0,0 //SK_SM_INNER_STRENGTH
1,9,5,55,5,2,5,0,0,0,0,0,0 //SK_SM_SRECOVERY
1,363,5,9,5,0,0,0,0,0,0,0,0 //SK_SM_MEDITATE

//Merchant
5,1,8,0,0,0,0,0,0,0,0,0,0 //SK_NV_BASIC
5,5067,1,0,0,0,0,0,0,0,0,0,0 //SK_NV_EQSWITCH
5,809,5,0,0,0,0,0,0,0,0,0,0 //SK_MC_CARTQUAKE
5,810,5,809,5,0,0,0,0,0,0,0,0 //SK_MC_CARTCYCLONE
5,811,5,810,5,0,0,0,0,0,0,0,0 //SK_MC_CARTBRUME
5,804,5,811,5,0,0,0,0,0,0,0,0 //SK_MC_CARTFIREWORKS
5,226,5,0,0,0,0,0,0,0,0,0,0 //SK_MC_AXEMASTERY
5,42,5,226,5,0,0,0,0,0,0,0,0 //SK_MC_MAMMONITE
5,155,5,42,5,0,0,0,0,0,0,0,0 //SK_MC_LOUD
5,818,5,155,5,0,0,0,0,0,0,0,0 //SK_MC_UPROAR
5,1013,5,0,0,0,0,0,0,0,0,0,0 //SK_MC_GREED
5,38,5,1013,5,0,0,0,0,0,0,0,0 //SK_MC_OVERCHARGE
5,893,5,38,5,0,0,0,0,0,0,0,0 //MC_COIN
5,41,5,893,5,0,0,0,0,0,0,0,0 //SK_MC_VENDING
5,4,5,809,5,226,5,0,0,0,0,0,0 //SK_SM_RECOVERY
5,248,5,4,5,0,0,0,0,0,0,0,0 //SK_SM_INNER_STRENGTH
5,9,5,226,5,1013,5,0,0,0,0,0,0 //SK_SM_SRECOVERY
5,363,5,9,5,0,0,0,0,0,0,0,0 //SK_SM_MEDITATE

//Magician
2,1,8,0,0,0,0,0,0,0,0,0,0 //SK_NV_BASIC
2,5067,1,0,0,0,0,0,0,0,0,0,0 //SK_NV_EQSWITCH
2,839,5,0,0,0,0,0,0,0,0,0,0 //SK_MG_EARTHBOLT
2,20,5,839,5,0,0,0,0,0,0,0,0 //SK_MG_LIGHTNINGBOLT
2,14,5,20,5,0,0,0,0,0,0,0,0 //SK_MG_COLDBOLT
2,19,5,14,5,0,0,0,0,0,0,0,0 //SK_MG_FIREBOLT
2,837,5,0,0,0,0,0,0,0,0,0,0 //SK_MG_SRECOVERY
2,275,5,837,5,0,0,0,0,0,0,0,0 //SK_MG_CASTCANCEL
2,157,5,275,5,0,0,0,0,0,0,0,0 //SK_MG_ENERGYCOAT
2,2231,5,157,5,0,0,0,0,0,0,0,0 //SK_MG_READING_SB
2,2202,5,0,0,0,0,0,0,0,0,0,0 //SK_MG_VOIDEXPANSION
2,340,5,2202,5,0,0,0,0,0,0,0,0 //SK_MG_DARKSTRIKE
2,13,5,340,0,0,0,0,0,0,0,0,0 //SK_MG_SOULSTRIKE
2,800,5,13,5,0,0,0,0,0,0,0,0 //SK_MG_CORRUPT
2,16,5,837,5,839,5,0,0,0,0,0,0 //SK_MG_STONECURSE
2,92,5,16,5,0,0,0,0,0,0,0,0 //SK_MG_QUAGMIRE
2,15,5,837,5,2202,5,0,0,0,0,0,0 //SK_MG_FROSTDIVER
2,87,5,15,5,0,0,0,0,0,0,0,0 //SK_MG_ICEWALL

//Archer
3,1,8,0,0,0,0,0,0,0,0,0,0 //SK_NV_BASIC
3,5067,1,0,0,0,0,0,0,0,0,0,0 //SK_NV_EQSWITCH
3,43,5,0,0,0,0,0,0,0,0,0,0 //SK_AC_OWL
3,147,5,43,5,0,0,0,0,0,0,0,0 //SK_AC_MAKINGARROW
3,1009,5,147,5,0,0,0,0,0,0,0,0 //SK_AC_ARROWRAIN
3,499,5,1009,5,0,0,0,0,0,0,0,0 //SK_AC_SPIRITUALSTRAFE
3,44,5,0,0,0,0,0,0,0,0,0,0 //SK_AC_VULTURE
3,826,5,44,5,0,0,0,0,0,0,0,0 //SK_AC_HAWK
3,827,5,826,5,0,0,0,0,0,0,0,0 //SK_AC_AGI
3,45,5,827,5,0,0,0,0,0,0,0,0 //SK_AC_IMPROVECONCENTRATION
3,2430,5,0,0,0,0,0,0,0,0,0,0 //SK_AC_BOW
3,2017,5,2430,5,0,0,0,0,0,0,0,0 //SK_AC_CHARGEDARROW
3,47,5,2017,5,0,0,0,0,0,0,0,0 //SK_AC_ARROWSHOWER
3,46,5,47,5,0,0,0,0,0,0,0,0 //SK_AC_DOUBLESTRAFE
3,9,5,43,5,2430,5,0,0,0,0,0,0 //SK_SM_SRECOVERY
3,363,5,9,5,0,0,0,0,0,0,0,0 //SK_SM_MEDITATE
3,807,5,2430,5,44,5,0,0,0,0,0,0 //SK_AC_PARALIZINGDART
3,831,5,807,5,0,0,0,0,0,0,0,0 //SK_AC_TRANQUILIZINGDART


//Acolyte
4,1,8,0,0,0,0,0,0,0,0,0,0 //SK_NV_BASIC
4,5067,1,0,0,0,0,0,0,0,0,0,0 //SK_NV_EQSWITCH
4,156,5,0,0,0,0,0,0,0,0,0,0 //SK_AL_HOLYGHOST
4,800,5,156,5,0,0,0,0,0,0,0,0 //SK_MG_CORRUPT
4,11,5,800,5,0,0,0,0,0,0,0,0 //SK_AL_SACREDWAVE
4,32,5,11,5,0,0,0,0,0,0,0,0 //SK_AL_SIGNUMCRUCIS
4,9,5,0,0,0,0,0,0,0,0,0,0 //SK_SM_SRECOVERY
4,859,5,9,5,0,0,0,0,0,0,0,0 //SK_AL_JGHEAL
4,363,5,859,5,0,0,0,0,0,0,0,0 //SK_SM_MEDITATE
4,2050,5,363,5,0,0,0,0,0,0,0,0 //SK_AL_RENEW
4,24,5,0,0,0,0,0,0,0,0,0,0 //SK_AL_RUWACH
4,33,5,24,5,0,0,0,0,0,0,0,0 //SK_AL_ANGELUS
4,29,5,33,5,0,0,0,0,0,0,0,0 //SK_AL_INCREASEAGI
4,34,5,29,5,0,0,0,0,0,0,0,0 //SK_AL_BLESSING
4,65,5,156,5,9,5,0,0,0,0,0,0 //SK_AL_MACEMASTERY
4,820,5,65,5,0,0,0,0,0,0,0,0 //SK_AL_MACEQUICKEN
4,4,5,9,5,24,5,0,0,0,0,0,0 //SK_SM_RECOVERY
4,248,5,4,5,0,0,0,0,0,0,0,0 //SK_SM_INNER_STRENGTH

//Thief
6,1,8,0,0,0,0,0,0,0,0,0,0 //SK_NV_BASIC
6,5067,1,0,0,0,0,0,0,0,0,0,0 //SK_NV_EQSWITCH
6,50,5,0,0,0,0,0,0,0,0,0,0 //SK_TF_STEAL
6,802,5,50,5,0,0,0,0,0,0,0,0 //SK_TF_SNATCH
6,803,5,802,5,0,0,0,0,0,0,0,0 //SK_TF_SANDATTACK
6,210,5,803,5,0,0,0,0,0,0,0,0 //SK_TF_MUG
6,801,5,0,0,0,0,0,0,0,0,0,0 //SK_TF_DAGGER
6,52,5,801,5,0,0,0,0,0,0,0,0 //SK_TF_POISONSLASH
6,139,5,52,5,0,0,0,0,0,0,0,0 //SK_TF_POISONREACT
6,1004,5,139,5,0,0,0,0,0,0,0,0 //SK_TF_VENOMKNIFE
6,51,5,0,0,0,0,0,0,0,0,0,0 //SK_TF_HIDING
6,150,5,51,5,0,0,0,0,0,0,0,0 //SK_TF_BACKSLIDING
6,152,5,150,5,0,0,0,0,0,0,0,0 //SK_TF_THROWSTONE
6,45,5,152,5,0,0,0,0,0,0,0,0 //SK_AC_IMPROVECONCENTRATION
6,2430,5,801,5,51,5,0,0,0,0,0,0 //SK_AC_BOW
6,46,5,2430,5,0,0,0,0,0,0,0,0 //SK_AC_DOUBLESTRAFE
6,856,5,50,5,801,5,0,0,0,0,0,0 //SK_TF_SWORD
6,5,5,856,5,0,0,0,0,0,0,0,0 //SK_SM_BASH

//Knight
7,1,8,0,0,0,0,0,0,0,0,0,0 //SK_NV_BASIC
7,5067,1,0,0,0,0,0,0,0,0,0,0 //SK_NV_EQSWITCH
7,3,5,0,0,0,0,0,0,0,0,0,0 //SK_SM_TWOHAND
7,398,5,3,5,0,0,0,0,0,0,0,0 //SK_SM_TRAUMATIC_STRIKE
7,6,5,398,5,0,0,0,0,0,0,0,0 //SK_SM_PROVOKE
7,146,5,6,5,0,0,0,0,0,0,0,0 //SK_SM_AUTOBERSERK
7,55,5,0,0,0,0,0,0,0,0,0,0 //SK_SM_SPEARMASTERY
7,5,5,55,5,0,0,0,0,0,0,0,0 //SK_SM_BASH
7,813,5,5,5,0,0,0,0,0,0,0,0 //SK_SM_SPEARSTANCE
7,58,5,813,5,0,0,0,0,0,0,0,0 //SK_SM_SPEARSTAB
7,2,5,0,0,0,0,0,0,0,0,0,0 //SK_SM_SWORD
7,399,5,2,5,0,0,0,0,0,0,0,0 //SK_SM_LIGHTNING_STRIKE
7,819,5,399,5,0,0,0,0,0,0,0,0 //SK_SM_SPIRITGROWTH
7,7,5,819,5,0,0,0,0,0,0,0,0 //SK_SM_MAGNUM
7,4,5,3,5,55,5,0,0,0,0,0,0 //SK_SM_RECOVERY
7,248,5,4,5,0,0,0,0,0,0,0,0 //SK_SM_INNER_STRENGTH
7,9,5,55,5,2,5,0,0,0,0,0,0 //SK_SM_SRECOVERY
7,363,5,9,5,0,0,0,0,0,0,0,0 //SK_SM_MEDITATE
7,817,5,0,0,0,0,0,0,0,0,0,0 //SK_KN_THQUICKEN
7,835,5,817,5,0,0,0,0,0,0,0,0 //SK_KN_ADRENALINERUSH
7,876,5,835,5,0,0,0,0,0,0,0,0 //SK_KN_FURY
7,368,5,876,5,0,0,0,0,0,0,0,0 //SK_KN_RECKONING
7,816,5,0,0,0,0,0,0,0,0,0,0 //SK_KN_SQUICKEN
7,59,5,816,5,0,0,0,0,0,0,0,0 //SK_KN_SPEARCANNON
7,56,5,59,5,0,0,0,0,0,0,0,0 //SK_KN_PIERCE
7,57,5,56,5,0,0,0,0,0,0,0,0 //SK_KN_BRANDISHSPEAR
7,815,5,0,0,0,0,0,0,0,0,0,0 //SK_KN_OHQUICKEN
7,2005,5,815,5,0,0,0,0,0,0,0,0 //SK_KN_WINDCUTTER
7,2001,5,2005,5,0,0,0,0,0,0,0,0 //SK_KN_ENCHANTBLADE
7,2002,5,2001,5,0,0,0,0,0,0,0,0 //SK_KN_SONICWAVE
7,61,5,817,5,816,5,0,0,0,0,0,0 //SK_KN_COUNTERATTACK
7,62,5,61,5,0,0,0,0,0,0,0,0 //SK_KN_BOWLINGBASH
7,2016,5,816,5,815,5,0,0,0,0,0,0 //SK_KN_VIGOR
7,2015,5,2016,5,0,0,0,0,0,0,0,0 //SK_KN_STONESKIN

//Crusader
14,1,8,0,0,0,0,0,0,0,0,0,0 //SK_NV_BASIC
14,5067,1,0,0,0,0,0,0,0,0,0,0 //SK_NV_EQSWITCH
14,3,5,0,0,0,0,0,0,0,0,0,0 //SK_SM_TWOHAND
14,398,5,3,5,0,0,0,0,0,0,0,0 //SK_SM_TRAUMATIC_STRIKE
14,6,5,398,5,0,0,0,0,0,0,0,0 //SK_SM_PROVOKE
14,146,5,6,5,0,0,0,0,0,0,0,0 //SK_SM_AUTOBERSERK
14,55,5,0,0,0,0,0,0,0,0,0,0 //SK_SM_SPEARMASTERY
14,5,5,55,5,0,0,0,0,0,0,0,0 //SK_SM_BASH
14,813,5,5,5,0,0,0,0,0,0,0,0 //SK_SM_SPEARSTANCE
14,58,5,813,5,0,0,0,0,0,0,0,0 //SK_SM_SPEARSTAB
14,2,5,0,0,0,0,0,0,0,0,0,0 //SK_SM_SWORD
14,399,5,2,5,0,0,0,0,0,0,0,0 //SK_SM_LIGHTNING_STRIKE
14,819,5,399,5,0,0,0,0,0,0,0,0 //SK_SM_SPIRITGROWTH
14,7,5,819,5,0,0,0,0,0,0,0,0 //SK_SM_MAGNUM
14,4,5,3,5,55,5,0,0,0,0,0,0 //SK_SM_RECOVERY
14,248,5,4,5,0,0,0,0,0,0,0,0 //SK_SM_INNER_STRENGTH
14,9,5,55,5,2,5,0,0,0,0,0,0 //SK_SM_SRECOVERY
14,363,5,9,5,0,0,0,0,0,0,0,0 //SK_SM_MEDITATE
14,255,5,0,0,0,0,0,0,0,0,0,0 //SK_CR_SWORNPROTECTOR
14,832,5,255,5,0,0,0,0,0,0,0,0 //SK_CR_SWORDSTOPLOWSHARES
14,833,5,832,5,0,0,0,0,0,0,0,0 //SK_CR_BINDINGOATH
14,834,5,833,5,0,0,0,0,0,0,0,0 //SK_CR_DIVINELIGHT
14,862,5,0,0,0,0,0,0,0,0,0,0 //SK_CR_OHQUICKEN
14,249,5,862,5,0,0,0,0,0,0,0,0 //SK_CR_AUTOGUARD
14,252,5,249,5,0,0,0,0,0,0,0,0 //SK_CR_REFLECTSHIELD
14,2318,5,252,5,0,0,0,0,0,0,0,0 //SK_CR_VANGUARDFORCE
14,816,5,0,0,0,0,0,0,0,0,0,0 //SK_KN_SQUICKEN
14,59,5,816,5,0,0,0,0,0,0,0,0 //SK_KN_SPEARCANNON
14,56,5,59,5,0,0,0,0,0,0,0,0 //SK_KN_PIERCE
14,57,5,56,5,0,0,0,0,0,0,0,0 //SK_KN_BRANDISHSPEAR
14,253,5,255,5,862,5,0,0,0,0,0,0 //SK_CR_HOLYCROSS
14,254,5,253,5,0,0,0,0,0,0,0,0 //SK_CR_GRANDCROSS
14,250,5,862,5,816,5,0,0,0,0,0,0 //SK_CR_SMITE
14,251,5,250,5,0,0,0,0,0,0,0,0 //SK_CR_SHIELDBOOMERANG
14,861,5,2318,5,0,0,0,0,0,0,0,0 //SK_PA_FORTIFY

//Assassin
12,1,8,0,0,0,0,0,0,0,0,0,0 //SK_NV_BASIC
12,5067,1,0,0,0,0,0,0,0,0,0,0 //SK_NV_EQSWITCH
12,50,5,0,0,0,0,0,0,0,0,0,0 //SK_TF_STEAL
12,802,5,50,5,0,0,0,0,0,0,0,0 //SK_TF_SNATCH
12,803,5,802,5,0,0,0,0,0,0,0,0 //SK_TF_SANDATTACK
12,210,5,803,5,0,0,0,0,0,0,0,0 //SK_TF_MUG
12,801,5,0,0,0,0,0,0,0,0,0,0 //SK_TF_DAGGER
12,52,5,801,5,0,0,0,0,0,0,0,0 //SK_TF_POISONSLASH
12,139,5,52,5,0,0,0,0,0,0,0,0 //SK_TF_POISONREACT
12,1004,5,139,5,0,0,0,0,0,0,0,0 //SK_TF_VENOMKNIFE
12,51,5,0,0,0,0,0,0,0,0,0,0 //SK_TF_HIDING
12,150,5,51,5,0,0,0,0,0,0,0,0 //SK_TF_BACKSLIDING
12,152,5,150,5,0,0,0,0,0,0,0,0 //SK_TF_THROWSTONE
12,45,5,152,5,0,0,0,0,0,0,0,0 //SK_AC_IMPROVECONCENTRATION
12,2430,5,801,5,51,5,0,0,0,0,0,0 //SK_AC_BOW
12,46,5,2430,5,0,0,0,0,0,0,0,0 //SK_AC_DOUBLESTRAFE
12,856,5,50,5,801,5,0,0,0,0,0,0 //SK_TF_SWORD
12,5,5,856,5,0,0,0,0,0,0,0,0 //SK_SM_BASH
12,134,5,0,0,0,0,0,0,0,0,0,0 //SK_AS_KATAR
12,136,5,134,5,0,0,0,0,0,0,0,0 //SK_AS_SONICBLOW
12,2036,5,136,5,0,0,0,0,0,0,0,0 //SK_AS_ROLLINGCUTTER
12,2037,5,2036,5,0,0,0,0,0,0,0,0 //SK_AS_CROSSRIPPERSLASHER
12,135,5,0,0,0,0,0,0,0,0,0,0 //SK_AS_CLOAKING
12,137,5,135,5,0,0,0,0,0,0,0,0 //SK_AS_GRIMTOOTH
12,389,5,137,5,0,0,0,0,0,0,0,0 //SK_AS_STEALTH
12,214,5,389,5,0,0,0,0,0,0,0,0 //SK_AS_PHANTOMMENACE
12,138,5,0,0,0,0,0,0,0,0,0,0 //SK_AS_ENCHANTPOISON
12,2450,5,138,5,0,0,0,0,0,0,0,0 //SK_AS_POISONOUSCLOUD
12,2021,5,2450,5,0,0,0,0,0,0,0,0 //SK_AS_VENOMIMPRESS
12,141,5,2021,5,0,0,0,0,0,0,0,0 //SK_AS_VENOMSPLASHER
12,133,5,135,5,138,5,0,0,0,0,0,0 //SK_AS_DUALWIELDING
12,48,5,133,5,0,0,0,0,0,0,0,0 //SK_AS_DOUBLEATTACK
12,523,5,134,5,135,5,0,0,0,0,0,0 //SK_AS_SHURIKEN
12,524,5,523,5,0,0,0,0,0,0,0,0 //SK_AS_TRIPLE_SHURIKEN

//Rogue
17,1,8,0,0,0,0,0,0,0,0,0,0 //SK_NV_BASIC
17,5067,1,0,0,0,0,0,0,0,0,0,0 //SK_NV_EQSWITCH
17,50,5,0,0,0,0,0,0,0,0,0,0 //SK_TF_STEAL
17,802,5,50,5,0,0,0,0,0,0,0,0 //SK_TF_SNATCH
17,803,5,802,5,0,0,0,0,0,0,0,0 //SK_TF_SANDATTACK
17,210,5,803,5,0,0,0,0,0,0,0,0 //SK_TF_MUG
17,801,5,0,0,0,0,0,0,0,0,0,0 //SK_TF_DAGGER
17,52,5,801,5,0,0,0,0,0,0,0,0 //SK_TF_POISONSLASH
17,139,5,52,5,0,0,0,0,0,0,0,0 //SK_TF_POISONREACT
17,1004,5,139,5,0,0,0,0,0,0,0,0 //SK_TF_VENOMKNIFE
17,51,5,0,0,0,0,0,0,0,0,0,0 //SK_TF_HIDING
17,150,5,51,5,0,0,0,0,0,0,0,0 //SK_TF_BACKSLIDING
17,152,5,150,5,0,0,0,0,0,0,0,0 //SK_TF_THROWSTONE
17,45,5,152,5,0,0,0,0,0,0,0,0 //SK_AC_IMPROVECONCENTRATION
17,2430,5,801,5,51,5,0,0,0,0,0,0 //SK_AC_BOW
17,46,5,2430,5,0,0,0,0,0,0,0,0 //SK_AC_DOUBLESTRAFE
17,856,5,50,5,801,5,0,0,0,0,0,0 //SK_TF_SWORD
17,5,5,856,5,0,0,0,0,0,0,0,0 //SK_SM_BASH
17,814,5,0,0,0,0,0,0,0,0,0,0 //SK_RG_DAGGERQUICKEN,
17,530,5,814,5,0,0,0,0,0,0,0,0 //SK_RG_SHADYSLASH,
17,212,5,530,5,0,0,0,0,0,0,0,0 //SK_RG_BACKSTAB,
17,2029,5,212,5,0,0,0,0,0,0,0,0 //SK_RG_HACKANDSLASH,
17,135,5,0,0,0,0,0,0,0,0,0,0 //SK_AS_CLOAKING
17,137,5,135,5,0,0,0,0,0,0,0,0 //SK_AS_GRIMTOOTH
17,389,5,137,5,0,0,0,0,0,0,0,0 //SK_AS_STEALTH
17,214,5,389,5,0,0,0,0,0,0,0,0 //SK_AS_PHANTOMMENACE
17,836,5,0,0,0,0,0,0,0,0,0,0 //SK_RG_VULTURE,
17,2236,5,836,5,0,0,0,0,0,0,0,0 //SK_RG_QUICKSHOT,
17,2288,5,2236,5,0,0,0,0,0,0,0,0 //SK_RG_TRIANGLESHOT,
17,2233,5,2288,5,0,0,0,0,0,0,0,0 //SK_RG_ARROWSTORM,
17,1005,5,814,5,135,5,0,0,0,0,0,0 //SK_RG_CLOSECONFINE
17,871,5,1005,5,0,0,0,0,0,0,0,0 //SK_RG_STRIPACCESSORY
17,872,5,135,5,836,5,0,0,0,0,0,0 //SK_RG_PLAGIARISM,
17,873,5,872,5,0,0,0,0,0,0,0,0 //SK_RG_AMBIDEXTERITY,

//Priest
8,1,8,0,0,0,0,0,0,0,0,0,0 //SK_NV_BASIC
8,5067,1,0,0,0,0,0,0,0,0,0,0 //SK_NV_EQSWITCH
8,156,5,0,0,0,0,0,0,0,0,0,0 //SK_AL_HOLYGHOST
8,800,5,156,5,0,0,0,0,0,0,0,0 //SK_MG_CORRUPT
8,11,5,800,5,0,0,0,0,0,0,0,0 //SK_AL_SACREDWAVE
8,32,5,11,5,0,0,0,0,0,0,0,0 //SK_AL_SIGNUMCRUCIS
8,9,5,0,0,0,0,0,0,0,0,0,0 //SK_SM_SRECOVERY
8,859,5,9,5,0,0,0,0,0,0,0,0 //SK_AL_JGHEAL
8,363,5,859,5,0,0,0,0,0,0,0,0 //SK_SM_MEDITATE
8,2050,5,363,5,0,0,0,0,0,0,0,0 //SK_AL_RENEW
8,24,5,0,0,0,0,0,0,0,0,0,0 //SK_AL_RUWACH
8,33,5,24,5,0,0,0,0,0,0,0,0 //SK_AL_ANGELUS
8,29,5,33,5,0,0,0,0,0,0,0,0 //SK_AL_INCREASEAGI
8,34,5,29,5,0,0,0,0,0,0,0,0 //SK_AL_BLESSING
8,65,5,156,5,9,5,0,0,0,0,0,0 //SK_AL_MACEMASTERY
8,820,5,65,5,0,0,0,0,0,0,0,0 //SK_AL_MACEQUICKEN
8,4,5,9,5,24,5,0,0,0,0,0,0 //SK_SM_RECOVERY
8,248,5,4,5,0,0,0,0,0,0,0,0 //SK_SM_INNER_STRENGTH
8,806,5,0,0,0,0,0,0,0,0,0,0 //SK_PR_SPIRITUSANCTI
8,253,5,806,5,0,0,0,0,0,0,0,0 //SK_CR_HOLYCROSS
8,881,5,253,5,0,0,0,0,0,0,0,0 //SK_PR_JUDEX
8,79,5,881,5,0,0,0,0,0,0,0,0 //SK_PR_MAGNUSEXORCISMUS
8,805,5,806,5,68,5,0,0,0,0,0,0 //SK_PR_UNHOLYCROSS
8,5072,5,805,5,0,0,0,0,0,0,0,0 //SK_PR_LEXAETERNA
8,68,5,0,0,0,0,0,0,0,0,0,0 //SK_PR_ASPERSIO
8,70,5,68,5,0,0,0,0,0,0,0,0 //SK_PR_SANCTUARIO
8,2043,5,70,5,0,0,0,0,0,0,0,0 //SK_PR_COLUSEOHEAL
8,2051,5,2043,5,0,0,0,0,0,0,0,0 //SK_PR_SUBLIMITASHEAL
8,66,5,68,5,73,5,0,0,0,0,0,0 //SK_PR_IMPOSITIO
8,2054,5,66,5,0,0,0,0,0,0,0,0 //SK_PR_DUPLELUX
8,73,5,0,0,0,0,0,0,0,0,0,0 //SK_PR_KYRIE
8,74,5,73,5,0,0,0,0,0,0,0,0 //SK_PR_MAGNIFICAT
8,67,5,74,5,0,0,0,0,0,0,0,0 //SK_PR_SUFFRAGIUM
8,54,5,73,5,0,0,0,0,0,0,0,0 //SK_PR_RESURRECTIO

//Blacksmith
10,1,8,0,0,0,0,0,0,0,0,0,0 //SK_NV_BASIC
10,5067,1,0,0,0,0,0,0,0,0,0,0 //SK_NV_EQSWITCH
10,809,5,0,0,0,0,0,0,0,0,0,0 //SK_MC_CARTQUAKE
10,810,5,809,5,0,0,0,0,0,0,0,0 //SK_MC_CARTCYCLONE
10,811,5,810,5,0,0,0,0,0,0,0,0 //SK_MC_CARTBRUME
10,804,5,811,5,0,0,0,0,0,0,0,0 //SK_MC_CARTFIREWORKS
10,226,5,0,0,0,0,0,0,0,0,0,0 //SK_MC_AXEMASTERY
10,42,5,226,5,0,0,0,0,0,0,0,0 //SK_MC_MAMMONITE
10,155,5,42,5,0,0,0,0,0,0,0,0 //SK_MC_LOUD
10,818,5,155,5,0,0,0,0,0,0,0,0 //SK_MC_UPROAR
10,1013,5,0,0,0,0,0,0,0,0,0,0 //SK_MC_GREED
10,38,5,1013,5,0,0,0,0,0,0,0,0 //SK_MC_OVERCHARGE
10,893,5,38,5,0,0,0,0,0,0,0,0 //MC_COIN
10,41,5,893,5,0,0,0,0,0,0,0,0 //SK_MC_VENDING
10,4,5,809,5,226,5,0,0,0,0,0,0 //SK_SM_RECOVERY
10,248,5,4,5,0,0,0,0,0,0,0,0 //SK_SM_INNER_STRENGTH
10,9,5,226,5,1013,5,0,0,0,0,0,0 //SK_SM_SRECOVERY
10,363,5,9,5,0,0,0,0,0,0,0,0 //SK_SM_MEDITATE
10,387,5,0,0,0,0,0,0,0,0,0,0 //SK_BS_CARTBOOST
10,2477,5,387,5,0,0,0,0,0,0,0,0 //SK_BS_CARTCANNON
10,812,5,2477,5,0,0,0,0,0,0,0,0 //SK_BS_CARTSHRAPNEL
10,520,5,812,5,0,0,0,0,0,0,0,0 //SK_BS_CROWDCONTROLSHOT
10,111,5,0,0,0,0,0,0,0,0,0,0 //SK_BS_WEAPONRYEXPERTISE
10,112,5,111,5,0,0,0,0,0,0,0,0 //SK_BS_WEAPONSHARPENING
10,114,5,112,5,0,0,0,0,0,0,0,0 //SK_BS_MAXIMIZEPOWER
10,113,5,114,5,0,0,0,0,0,0,0,0 //SK_BS_POWERTHRUST
10,808,5,0,0,0,0,0,0,0,0,0,0 //SK_BS_AXEQUICKEN
10,2278,5,808,5,0,0,0,0,0,0,0,0 //SK_BS_AXEBOOMERANG
10,2280,5,2278,5,0,0,0,0,0,0,0,0 //SK_BS_AXETORNADO
10,110,5,2280,5,0,0,0,0,0,0,0,0 //SK_BS_HAMMERFALL
10,108,5,111,5,808,5,0,0,0,0,0,0 //SK_BS_REPAIRWEAPON
10,101,5,108,5,0,0,0,0,0,0,0,0 //BS_AXE
10,8,5,111,5,387,5,0,0,0,0,0,0 //SK_BS_ENDURE
10,109,5,8,5,0,0,0,0,0,0,0,0 //SK_BS_SKINTEMPERING

//Bard
19,1,8,0,0,0,0,0,0,0,0,0,0 //SK_NV_BASIC
19,5067,1,0,0,0,0,0,0,0,0,0,0 //SK_NV_EQSWITCH
19,43,5,0,0,0,0,0,0,0,0,0,0 //SK_AC_OWL
19,147,5,43,5,0,0,0,0,0,0,0,0 //SK_AC_MAKINGARROW
19,1009,5,147,5,0,0,0,0,0,0,0,0 //SK_AC_ARROWRAIN
19,499,5,1009,5,0,0,0,0,0,0,0,0 //SK_AC_SPIRITUALSTRAFE
19,44,5,0,0,0,0,0,0,0,0,0,0 //SK_AC_VULTURE
19,826,5,44,5,0,0,0,0,0,0,0,0 //SK_AC_HAWK
19,827,5,826,5,0,0,0,0,0,0,0,0 //SK_AC_AGI
19,45,5,827,5,0,0,0,0,0,0,0,0 //SK_AC_IMPROVECONCENTRATION
19,2430,5,0,0,0,0,0,0,0,0,0,0 //SK_AC_BOW
19,2017,5,2430,5,0,0,0,0,0,0,0,0 //SK_AC_CHARGEDARROW
19,47,5,2017,5,0,0,0,0,0,0,0,0 //SK_AC_ARROWSHOWER
19,46,5,47,5,0,0,0,0,0,0,0,0 //SK_AC_DOUBLESTRAFE
19,9,5,43,5,2430,5,0,0,0,0,0,0 //SK_SM_SRECOVERY
19,363,5,9,5,0,0,0,0,0,0,0,0 //SK_SM_MEDITATE
19,807,5,2430,5,44,5,0,0,0,0,0,0 //SK_AC_PARALIZINGDART
19,831,5,807,5,0,0,0,0,0,0,0,0 //SK_AC_TRANQUILIZINGDART
19,2381,5,0,0,0,0,0,0,0,0,0,0 //SK_BA_WINDMILLPOEM
19,2236,5,2381,5,0,0,0,0,0,0,0,0 //SK_RG_QUICKSHOT,
19,2288,5,2236,5,0,0,0,0,0,0,0,0 //SK_RG_TRIANGLESHOT,
19,2233,5,2288,5,0,0,0,0,0,0,0,0 //SK_RG_ARROWSTORM,
19,315,5,0,0,0,0,0,0,0,0,0,0 //SK_BA_SHOWMANSHIP
19,307,5,315,5,0,0,0,0,0,0,0,0 //SK_BA_ACOUSTICRYTHM
19,320,5,307,5,0,0,0,0,0,0,0,0 //SK_BA_IMPRESSIVERIFF
19,321,5,320,5,0,0,0,0,0,0,0,0 //SK_BA_MAGICSTRINGS
19,2382,5,0,0,0,0,0,0,0,0,0,0 //SK_BA_ECHONOCTURNAE
19,2423,5,2382,5,0,0,0,0,0,0,0,0 //SK_BA_TWILIGHTCHORD
19,312,5,2423,5,0,0,0,0,0,0,0,0 //SK_BA_MOONLIGHTSONATA
19,898,5,312,5,0,0,0,0,0,0,0,0 //SK_BA_ALLNIGHTLONG
19,316,5,315,5,2381,5,0,0,0,0,0,0 //SK_BA_MELODYSTRIKE
19,2426,5,316,5,0,0,0,0,0,0,0,0 //SK_BA_GREATECHO
19,2413,5,315,5,2382,5,0,0,0,0,0,0 //SK_BA_METALLICSOUND
19,2414,5,2413,5,0,0,0,0,0,0,0,0 //SK_BA_REVERBERATION 

//Dancer
20,1,8,0,0,0,0,0,0,0,0,0,0 //SK_NV_BASIC
20,5067,1,0,0,0,0,0,0,0,0,0,0 //SK_NV_EQSWITCH
20,43,5,0,0,0,0,0,0,0,0,0,0 //SK_AC_OWL
20,147,5,43,5,0,0,0,0,0,0,0,0 //SK_AC_MAKINGARROW
20,1009,5,147,5,0,0,0,0,0,0,0,0 //SK_AC_ARROWRAIN
20,499,5,1009,5,0,0,0,0,0,0,0,0 //SK_AC_SPIRITUALSTRAFE
20,44,5,0,0,0,0,0,0,0,0,0,0 //SK_AC_VULTURE
20,826,5,44,5,0,0,0,0,0,0,0,0 //SK_AC_HAWK
20,827,5,826,5,0,0,0,0,0,0,0,0 //SK_AC_AGI
20,45,5,827,5,0,0,0,0,0,0,0,0 //SK_AC_IMPROVECONCENTRATION
20,2430,5,0,0,0,0,0,0,0,0,0,0 //SK_AC_BOW
20,2017,5,2430,5,0,0,0,0,0,0,0,0 //SK_AC_CHARGEDARROW
20,47,5,2017,5,0,0,0,0,0,0,0,0 //SK_AC_ARROWSHOWER
20,46,5,47,5,0,0,0,0,0,0,0,0 //SK_AC_DOUBLESTRAFE
20,9,5,43,5,2430,5,0,0,0,0,0,0 //SK_SM_SRECOVERY
20,363,5,9,5,0,0,0,0,0,0,0,0 //SK_SM_MEDITATE
20,807,5,2430,5,44,5,0,0,0,0,0,0 //SK_AC_PARALIZINGDART
20,831,5,807,5,0,0,0,0,0,0,0,0 //SK_AC_TRANQUILIZINGDART
20,2381,5,0,0,0,0,0,0,0,0,0,0 //SK_BA_WINDMILLPOEM
20,2236,5,2381,5,0,0,0,0,0,0,0,0 //SK_RG_QUICKSHOT,
20,2288,5,2236,5,0,0,0,0,0,0,0,0 //SK_RG_TRIANGLESHOT,
20,2233,5,2288,5,0,0,0,0,0,0,0,0 //SK_RG_ARROWSTORM,
20,315,5,0,0,0,0,0,0,0,0,0,0 //SK_BA_SHOWMANSHIP
20,307,5,315,5,0,0,0,0,0,0,0,0 //SK_BA_ACOUSTICRYTHM
20,320,5,307,5,0,0,0,0,0,0,0,0 //SK_BA_IMPRESSIVERIFF
20,321,5,320,5,0,0,0,0,0,0,0,0 //SK_BA_MAGICSTRINGS
20,2382,5,0,0,0,0,0,0,0,0,0,0 //SK_BA_ECHONOCTURNAE
20,2423,5,2382,5,0,0,0,0,0,0,0,0 //SK_BA_TWILIGHTCHORD
20,312,5,2423,5,0,0,0,0,0,0,0,0 //SK_BA_MOONLIGHTSONATA
20,898,5,312,5,0,0,0,0,0,0,0,0 //SK_BA_ALLNIGHTLONG
20,316,5,315,5,2381,5,0,0,0,0,0,0 //SK_BA_MELODYSTRIKE
20,2426,5,316,5,0,0,0,0,0,0,0,0 //SK_BA_GREATECHO
20,2413,5,315,5,2382,5,0,0,0,0,0,0 //SK_BA_METALLICSOUND
20,2414,5,2413,5,0,0,0,0,0,0,0,0 //SK_BA_REVERBERATION 

//Hunter
11,1,8,0,0,0,0,0,0,0,0,0,0 //SK_NV_BASIC
11,5067,1,0,0,0,0,0,0,0,0,0,0 //SK_NV_EQSWITCH
11,43,5,0,0,0,0,0,0,0,0,0,0 //SK_AC_OWL
11,147,5,43,5,0,0,0,0,0,0,0,0 //SK_AC_MAKINGARROW
11,1009,5,147,5,0,0,0,0,0,0,0,0 //SK_AC_ARROWRAIN
11,499,5,1009,5,0,0,0,0,0,0,0,0 //SK_AC_SPIRITUALSTRAFE
11,44,5,0,0,0,0,0,0,0,0,0,0 //SK_AC_VULTURE
11,826,5,44,5,0,0,0,0,0,0,0,0 //SK_AC_HAWK
11,827,5,826,5,0,0,0,0,0,0,0,0 //SK_AC_AGI
11,45,5,827,5,0,0,0,0,0,0,0,0 //SK_AC_IMPROVECONCENTRATION
11,2430,5,0,0,0,0,0,0,0,0,0,0 //SK_AC_BOW
11,2017,5,2430,5,0,0,0,0,0,0,0,0 //SK_AC_CHARGEDARROW
11,47,5,2017,5,0,0,0,0,0,0,0,0 //SK_AC_ARROWSHOWER
11,46,5,47,5,0,0,0,0,0,0,0,0 //SK_AC_DOUBLESTRAFE
11,9,5,43,5,2430,5,0,0,0,0,0,0 //SK_SM_SRECOVERY
11,363,5,9,5,0,0,0,0,0,0,0,0 //SK_SM_MEDITATE
11,807,5,2430,5,44,5,0,0,0,0,0,0 //SK_AC_PARALIZINGDART
11,831,5,807,5,0,0,0,0,0,0,0,0 //SK_AC_TRANQUILIZINGDART
11,2247,5,0,0,0,0,0,0,0,0,0,0 //SK_HT_CAMOUFLAGE,
11,2282,5,2247,5,0,0,0,0,0,0,0,0 //SK_HT_ELEMENTALTOTEM,
11,337,5,2282,5,0,0,0,0,0,0,0,0 //SK_HT_MAGICTOMAHAWK,
11,824,5,337,5,0,0,0,0,0,0,0,0 //SK_HT_MYSTICTOTEM,
11,2235,5,0,0,0,0,0,0,0,0,0,0 //SK_HT_TRACKINGBREEZE,
11,825,5,2235,5,0,0,0,0,0,0,0,0 //SK_HT_CYCLONICCHARGE,
11,383,5,825,5,0,0,0,0,0,0,0,0 //SK_HT_WINDRACER,
11,513,5,383,5,0,0,0,0,0,0,0,0 //SK_HT_LIVINGTORNADO,
11,823,5,0,0,0,0,0,0,0,0,0,0 //SK_HT_BOWQUICKENP,
11,2236,5,823,5,0,0,0,0,0,0,0,0 //SK_RG_QUICKSHOT,
11,2288,5,2236,5,0,0,0,0,0,0,0,0 //SK_RG_TRIANGLESHOT,
11,2233,5,2288,5,0,0,0,0,0,0,0,0 //SK_RG_ARROWSTORM,
11,919,5,823,5,2235,5,0,0,0,0,0,0 //SK_HT_FALCONRY,
11,858,5,919,5,0,0,0,0,0,0,0,0 //SK_HT_BLITZBEAT,
11,918,5,823,5,2247,5,0,0,0,0,0,0 //SK_HT_WARG_TRAINING,
11,857,5,918,5,0,0,0,0,0,0,0,0 //SK_HT_SLASH,

//Scholar
16,1,8,0,0,0,0,0,0,0,0,0,0 //SK_NV_BASIC
16,5067,1,0,0,0,0,0,0,0,0,0,0 //SK_NV_EQSWITCH
16,839,5,0,0,0,0,0,0,0,0,0,0 //SK_MG_EARTHBOLT
16,20,5,839,5,0,0,0,0,0,0,0,0 //SK_MG_LIGHTNINGBOLT
16,14,5,20,5,0,0,0,0,0,0,0,0 //SK_MG_COLDBOLT
16,19,5,14,5,0,0,0,0,0,0,0,0 //SK_MG_FIREBOLT
16,837,5,0,0,0,0,0,0,0,0,0,0 //SK_MG_SRECOVERY
16,275,5,837,5,0,0,0,0,0,0,0,0 //SK_MG_CASTCANCEL
16,157,5,275,5,0,0,0,0,0,0,0,0 //SK_MG_ENERGYCOAT
16,2231,5,157,5,0,0,0,0,0,0,0,0 //SK_MG_READING_SB
16,2202,5,0,0,0,0,0,0,0,0,0,0 //SK_MG_VOIDEXPANSION
16,340,5,2202,5,0,0,0,0,0,0,0,0 //SK_MG_DARKSTRIKE
16,13,5,340,0,0,0,0,0,0,0,0,0 //SK_MG_SOULSTRIKE
16,800,5,13,5,0,0,0,0,0,0,0,0 //SK_MG_CORRUPT
16,16,5,837,5,839,5,0,0,0,0,0,0 //SK_MG_STONECURSE
16,92,5,16,5,0,0,0,0,0,0,0,0 //SK_MG_QUAGMIRE
16,15,5,837,5,2202,5,0,0,0,0,0,0 //SK_MG_FROSTDIVER
16,87,5,15,5,0,0,0,0,0,0,0,0 //SK_MG_ICEWALL
16,905,5,0,0,0,0,0,0,0,0,0,0 //SK_SA_ELEMENTALCONTROL
16,2461,5,905,5,0,0,0,0,0,0,0,0 //SK_SA_ELEMENTALACTION1
16,2464,5,2461,5,0,0,0,0,0,0,0,0 //SK_SA_ELEMENTALTRANSFUSION
16,829,5,2464,5,0,0,0,0,0,0,0,0 //SK_SA_ELEMENTALACTION2
16,2446,5,0,0,0,0,0,0,0,0,0,0 //SK_WZ_EARTHSTRAIN 
16,85,5,2446,5,0,0,0,0,0,0,0,0 //SK_WZ_LORDOFVERMILION
16,89,5,85,5,0,0,0,0,0,0,0,0 //SK_WZ_STORMGUST
16,83,5,89,5,0,0,0,0,0,0,0,0 //SK_WZ_METEORSTORM
16,76,5,0,0,0,0,0,0,0,0,0,0 //SK_SA_SILENCE 
16,289,5,76,5,0,0,0,0,0,0,0,0 //SK_SA_DISPELL
16,402,5,289,5,0,0,0,0,0,0,0,0 //SK_SA_MINDGAMES
16,2201,5,402,0,0,0,0,0,0,0,0,0 //SK_SA_WHITEIMPRISON
16,830,5,905,5,76,5,0,0,0,0,0,0 //SK_SA_BOOKQUICKEN 
16,279,5,830,5,0,0,0,0,0,0,0,0 //SK_SA_AUTOSPELL 
16,375,5,2446,5,76,5,0,0,0,0,0,0 //SK_SA_SOULBURN 
16,2210,5,375,5,0,0,0,0,0,0,0,0 //SK_SA_DRAINLIFE

//Wizard
9,1,8,0,0,0,0,0,0,0,0,0,0 //SK_NV_BASIC
9,5067,1,0,0,0,0,0,0,0,0,0,0 //SK_NV_EQSWITCH
9,839,5,0,0,0,0,0,0,0,0,0,0 //SK_MG_EARTHBOLT
9,20,5,839,5,0,0,0,0,0,0,0,0 //SK_MG_LIGHTNINGBOLT
9,14,5,20,5,0,0,0,0,0,0,0,0 //SK_MG_COLDBOLT
9,19,5,14,5,0,0,0,0,0,0,0,0 //SK_MG_FIREBOLT
9,837,5,0,0,0,0,0,0,0,0,0,0 //SK_MG_SRECOVERY
9,275,5,837,5,0,0,0,0,0,0,0,0 //SK_MG_CASTCANCEL
9,157,5,275,5,0,0,0,0,0,0,0,0 //SK_MG_ENERGYCOAT
9,2231,5,157,5,0,0,0,0,0,0,0,0 //SK_MG_READING_SB
9,2202,5,0,0,0,0,0,0,0,0,0,0 //SK_MG_VOIDEXPANSION
9,340,5,2202,5,0,0,0,0,0,0,0,0 //SK_MG_DARKSTRIKE
9,13,5,340,0,0,0,0,0,0,0,0,0 //SK_MG_SOULSTRIKE
9,800,5,13,5,0,0,0,0,0,0,0,0 //SK_MG_CORRUPT
9,16,5,837,5,839,5,0,0,0,0,0,0 //SK_MG_STONECURSE
9,92,5,16,5,0,0,0,0,0,0,0,0 //SK_MG_QUAGMIRE
9,15,5,837,5,2202,5,0,0,0,0,0,0 //SK_MG_FROSTDIVER
9,87,5,15,5,0,0,0,0,0,0,0,0 //SK_MG_ICEWALL
9,2446,5,0,0,0,0,0,0,0,0,0,0 //SK_WZ_EARTHSTRAIN
9,85,5,2446,5,0,0,0,0,0,0,0,0 //SK_WZ_LORDOFVERMILION
9,89,5,85,5,0,0,0,0,0,0,0,0 //SK_WZ_STORMGUST
9,83,5,89,5,0,0,0,0,0,0,0,0 //SK_WZ_METEORSTORM
9,90,5,0,0,0,0,0,0,0,0,0,0 //SK_WZ_STALAGMITE
9,884,5,90,5,0,0,0,0,0,0,0,0 //SK_WZ_THUNDERSTORM
9,838,5,884,5,0,0,0,0,0,0,0,0 //SK_WZ_ICEBERG 
9,2211,5,838,5,0,0,0,0,0,0,0,0 //SK_WZ_CRIMSONROCK 
9,844,5,0,0,0,0,0,0,0,0,0,0 //SK_WZ_ICONOFSIN
9,469,5,844,5,0,0,0,0,0,0,0,0 //SK_WZ_ILLUSIONARYBLADES
9,845,5,469,5,0,0,0,0,0,0,0,0 //SK_WZ_EXTREMEVACUUM
9,846,5,845,5,0,0,0,0,0,0,0,0 //SK_WZ_REALITYBREAKER
9,365,5,90,5,844,5,0,0,0,0,0,0 //SK_WZ_MAGICCRASHER
9,2449,5,365,5,0,0,0,0,0,0,0,0 //SK_WZ_PSYCHICWAVE
9,2208,5,90,5,2446,5,0,0,0,0,0,0 //SK_WZ_RADIUS
9,403,5,2208,5,0,0,0,0,0,0,0,0 //SK_WZ_FORESIGHT

//Alchemist
18,1,8,0,0,0,0,0,0,0,0,0,0 //SK_NV_BASIC
18,5067,1,0,0,0,0,0,0,0,0,0,0 //SK_NV_EQSWITCH
18,809,5,0,0,0,0,0,0,0,0,0,0 //SK_MC_CARTQUAKE
18,810,5,809,5,0,0,0,0,0,0,0,0 //SK_MC_CARTCYCLONE
18,811,5,810,5,0,0,0,0,0,0,0,0 //SK_MC_CARTBRUME
18,804,5,811,5,0,0,0,0,0,0,0,0 //SK_MC_CARTFIREWORKS
18,226,5,0,0,0,0,0,0,0,0,0,0 //SK_MC_AXEMASTERY
18,42,5,226,5,0,0,0,0,0,0,0,0 //SK_MC_MAMMONITE
18,155,5,42,5,0,0,0,0,0,0,0,0 //SK_MC_LOUD
18,818,5,155,5,0,0,0,0,0,0,0,0 //SK_MC_UPROAR
18,1013,5,0,0,0,0,0,0,0,0,0,0 //SK_MC_GREED
18,38,5,1013,5,0,0,0,0,0,0,0,0 //SK_MC_OVERCHARGE
18,893,5,38,5,0,0,0,0,0,0,0,0 //MC_COIN
18,41,5,893,5,0,0,0,0,0,0,0,0 //SK_MC_VENDING
18,4,5,809,5,226,5,0,0,0,0,0,0 //SK_SM_RECOVERY
18,248,5,4,5,0,0,0,0,0,0,0,0 //SK_SM_INNER_STRENGTH
18,9,5,226,5,1013,5,0,0,0,0,0,0 //SK_SM_SRECOVERY
18,363,5,9,5,0,0,0,0,0,0,0,0 //SK_SM_MEDITATE
18,238,5,0,0,0,0,0,0,0,0,0,0 //SK_AM_BIOETHICS
18,847,5,238,5,0,0,0,0,0,0,0,0 //SK_AM_HOMUNCULUSACTIONI
18,850,5,847,5,0,0,0,0,0,0,0,0 //SK_AM_REGENETATION
18,851,5,850,5,0,0,0,0,0,0,0,0 //SK_AM_HOMUNCULUSACTIONII
18,228,5,0,0,0,0,0,0,0,0,0,0 //SK_AM_PHARMACY
18,229,5,228,5,0,0,0,0,0,0,0,0 //SK_AM_FIREDEMONSTRATION
18,230,5,229,5,0,0,0,0,0,0,0,0 //SK_AM_ACIDTERROR
18,490,5,230,5,0,0,0,0,0,0,0,0 //SK_AM_BOMB
18,387,5,0,0,0,0,0,0,0,0,0,0 //SK_BS_CARTBOOST
18,2477,5,387,5,0,0,0,0,0,0,0,0 //SK_BS_CARTCANNON
18,812,5,2477,5,0,0,0,0,0,0,0,0 //SK_BS_CARTSHRAPNEL
18,520,5,812,5,0,0,0,0,0,0,0,0 //SK_BS_CROWDCONTROLSHOT
18,491,5,238,5,228,5,0,0,0,0,0,0 //SK_AM_PLANTCULTIVATION
18,2482,5,491,5,0,0,0,0,0,0,0,0 //SK_AM_WILDTHORNS
18,231,5,387,5,228,5,0,0,0,0,0,0 //SK_AM_AIDPOTION
18,854,5,231,5,0,0,0,0,0,0,0,0 //SK_AM_AIDCONDENSEDPOTION

//Monk
15,1,8,0,0,0,0,0,0,0,0,0,0 //SK_NV_BASIC
15,5067,1,0,0,0,0,0,0,0,0,0,0 //SK_NV_EQSWITCH
15,156,5,0,0,0,0,0,0,0,0,0,0 //SK_AL_HOLYGHOST
15,800,5,156,5,0,0,0,0,0,0,0,0 //SK_MG_CORRUPT
15,11,5,800,5,0,0,0,0,0,0,0,0 //SK_AL_SACREDWAVE
15,32,5,11,5,0,0,0,0,0,0,0,0 //SK_AL_SIGNUMCRUCIS
15,9,5,0,0,0,0,0,0,0,0,0,0 //SK_SM_SRECOVERY
15,859,5,9,5,0,0,0,0,0,0,0,0 //SK_AL_JGHEAL
15,363,5,859,5,0,0,0,0,0,0,0,0 //SK_SM_MEDITATE
15,2050,5,363,5,0,0,0,0,0,0,0,0 //SK_AL_RENEW
15,24,5,0,0,0,0,0,0,0,0,0,0 //SK_AL_RUWACH
15,33,5,24,5,0,0,0,0,0,0,0,0 //SK_AL_ANGELUS
15,29,5,33,5,0,0,0,0,0,0,0,0 //SK_AL_INCREASEAGI
15,34,5,29,5,0,0,0,0,0,0,0,0 //SK_AL_BLESSING
15,65,5,156,5,9,5,0,0,0,0,0,0 //SK_AL_MACEMASTERY
15,820,5,65,5,0,0,0,0,0,0,0,0 //SK_AL_MACEQUICKEN
15,4,5,9,5,24,5,0,0,0,0,0,0 //SK_SM_RECOVERY
15,248,5,4,5,0,0,0,0,0,0,0,0 //SK_SM_INNER_STRENGTH
15,401,5,0,0,0,0,0,0,0,0,0,0 //SK_MO_SUMMONSPIRITSPHERE
15,267,5,401,5,0,0,0,0,0,0,0,0 //SK_MO_TRHOWSPIRITSPHERE
15,266,5,267,5,0,0,0,0,0,0,0,0 //SK_MO_OCCULTIMPACT
15,874,5,266,5,0,0,0,0,0,0,0,0 //SK_MO_KIBLAST
15,68,5,0,0,0,0,0,0,0,0,0,0 //SK_PR_ASPERSIO
15,70,5,68,5,0,0,0,0,0,0,0,0 //SK_PR_SANCTUARIO
15,2043,5,70,5,0,0,0,0,0,0,0,0 //SK_PR_COLUSEOHEAL
15,2051,5,2043,5,0,0,0,0,0,0,0,0 //SK_PR_SUBLIMITASHEAL
15,519,5,855,5,401,5,0,0,0,0,0,0 //SK_MO_TRIPLEARMCANNON
15,514,5,519,5,0,0,0,0,0,0,0,0 //SK_MO_TIGERFIST
15,262,5,401,5,68,5,0,0,0,0,0,0 //SK_MO_ABSORBSPIRITSPHERE
15,264,5,262,5,0,0,0,0,0,0,0,0 //SK_MO_BODYRELOCATION
15,855,5,0,0,0,0,0,0,0,0,0,0 //SK_MO_KNUCKLEQUICKEN
15,1016,5,855,5,0,0,0,0,0,0,0,0 //SK_MO_FALINGFIST
15,2337,5,1016,5,0,0,0,0,0,0,0,0 //SK_MO_CIRCULARFISTS
15,370,5,2337,5,0,0,0,0,0,0,0,0 //SK_MO_PALMSTRIKE

//Paladin
4015,1,8,0,0,0,0,0,0,0,0,0,0 //SK_NV_BASIC
4015,5067,1,0,0,0,0,0,0,0,0,0,0 //SK_NV_EQSWITCH
4015,3,5,0,0,0,0,0,0,0,0,0,0 //SK_SM_TWOHAND
4015,398,5,3,5,0,0,0,0,0,0,0,0 //SK_SM_TRAUMATIC_STRIKE
4015,6,5,398,5,0,0,0,0,0,0,0,0 //SK_SM_PROVOKE
4015,146,5,6,5,0,0,0,0,0,0,0,0 //SK_SM_AUTOBERSERK
4015,55,5,0,0,0,0,0,0,0,0,0,0 //SK_SM_SPEARMASTERY
4015,5,5,55,5,0,0,0,0,0,0,0,0 //SK_SM_BASH
4015,813,5,5,5,0,0,0,0,0,0,0,0 //SK_SM_SPEARSTANCE
4015,58,5,813,5,0,0,0,0,0,0,0,0 //SK_SM_SPEARSTAB
4015,2,5,0,0,0,0,0,0,0,0,0,0 //SK_SM_SWORD
4015,399,5,2,5,0,0,0,0,0,0,0,0 //SK_SM_LIGHTNING_STRIKE
4015,819,5,399,5,0,0,0,0,0,0,0,0 //SK_SM_SPIRITGROWTH
4015,7,5,819,5,0,0,0,0,0,0,0,0 //SK_SM_MAGNUM
4015,4,5,3,5,55,5,0,0,0,0,0,0 //SK_SM_RECOVERY
4015,248,5,4,5,0,0,0,0,0,0,0,0 //SK_SM_INNER_STRENGTH
4015,9,5,55,5,2,5,0,0,0,0,0,0 //SK_SM_SRECOVERY
4015,363,5,9,5,0,0,0,0,0,0,0,0 //SK_SM_MEDITATE
4015,255,5,0,0,0,0,0,0,0,0,0,0 //SK_CR_SWORNPROTECTOR
4015,832,5,255,5,0,0,0,0,0,0,0,0 //SK_CR_SWORDSTOPLOWSHARES
4015,833,5,832,5,0,0,0,0,0,0,0,0 //SK_CR_BINDINGOATH
4015,834,5,833,5,0,0,0,0,0,0,0,0 //SK_CR_DIVINELIGHT
4015,862,5,0,0,0,0,0,0,0,0,0,0 //SK_CR_OHQUICKEN
4015,249,5,862,5,0,0,0,0,0,0,0,0 //SK_CR_AUTOGUARD
4015,252,5,249,5,0,0,0,0,0,0,0,0 //SK_CR_REFLECTSHIELD
4015,2318,5,252,5,0,0,0,0,0,0,0,0 //SK_CR_VANGUARDFORCE
4015,816,5,0,0,0,0,0,0,0,0,0,0 //SK_KN_SQUICKEN
4015,59,5,816,5,0,0,0,0,0,0,0,0 //SK_KN_SPEARCANNON
4015,56,5,59,5,0,0,0,0,0,0,0,0 //SK_KN_PIERCE
4015,57,5,56,5,0,0,0,0,0,0,0,0 //SK_KN_BRANDISHSPEAR
4015,253,5,255,5,862,5,0,0,0,0,0,0 //SK_CR_HOLYCROSS
4015,254,5,253,5,0,0,0,0,0,0,0,0 //SK_CR_GRANDCROSS
4015,250,5,862,5,816,5,0,0,0,0,0,0 //SK_CR_SMITE
4015,251,5,250,5,0,0,0,0,0,0,0,0 //SK_CR_SHIELDBOOMERANG
4015,357,5,57,5,0,0,0,0,0,0,0,0 //SK_CM_SPEAR_DYNAMO
4015,2004,5,357,5,0,0,0,0,0,0,0,0 //SK_CM_HUNDREDSPEAR 
4015,367,5,254,5,0,0,0,0,0,0,0,0 //SK_PA_GLORIADOMINI
4015,2321,5,367,5,0,0,0,0,0,0,0,0 //SK_PA_GENESISRAY
4015,369,5,834,5,0,0,0,0,0,0,0,0 //SK_PA_GOSPEL
4015,2322,5,369,5,0,0,0,0,0,0,0,0 //SK_PA_KINGSGRACE
4015,861,5,2318,5,0,0,0,0,0,0,0,0 //SK_PA_FORTIFY
4015,257,5,861,5,0,0,0,0,0,0,0,0 //SK_PA_DEFENDINGAURA
4015,860,5,251,5,0,0,0,0,0,0,0,0 //SK_PA_SHIELDSLAM
4015,480,5,860,5,0,0,0,0,0,0,0,0 //SK_PA_RAPIDSMITING

//Commander
4008,1,8,0,0,0,0,0,0,0,0,0,0 //SK_NV_BASIC
4008,5067,1,0,0,0,0,0,0,0,0,0,0 //SK_NV_EQSWITCH
4008,3,5,0,0,0,0,0,0,0,0,0,0 //SK_SM_TWOHAND
4008,398,5,3,5,0,0,0,0,0,0,0,0 //SK_SM_TRAUMATIC_STRIKE
4008,6,5,398,5,0,0,0,0,0,0,0,0 //SK_SM_PROVOKE
4008,146,5,6,5,0,0,0,0,0,0,0,0 //SK_SM_AUTOBERSERK
4008,55,5,0,0,0,0,0,0,0,0,0,0 //SK_SM_SPEARMASTERY
4008,5,5,55,5,0,0,0,0,0,0,0,0 //SK_SM_BASH
4008,813,5,5,5,0,0,0,0,0,0,0,0 //SK_SM_SPEARSTANCE
4008,58,5,813,5,0,0,0,0,0,0,0,0 //SK_SM_SPEARSTAB
4008,2,5,0,0,0,0,0,0,0,0,0,0 //SK_SM_SWORD
4008,399,5,2,5,0,0,0,0,0,0,0,0 //SK_SM_LIGHTNING_STRIKE
4008,819,5,399,5,0,0,0,0,0,0,0,0 //SK_SM_SPIRITGROWTH
4008,7,5,819,5,0,0,0,0,0,0,0,0 //SK_SM_MAGNUM
4008,4,5,3,5,55,5,0,0,0,0,0,0 //SK_SM_RECOVERY
4008,248,5,4,5,0,0,0,0,0,0,0,0 //SK_SM_INNER_STRENGTH
4008,9,5,55,5,2,5,0,0,0,0,0,0 //SK_SM_SRECOVERY
4008,363,5,9,5,0,0,0,0,0,0,0,0 //SK_SM_MEDITATE
4008,817,5,0,0,0,0,0,0,0,0,0,0 //SK_KN_THQUICKEN
4008,835,5,817,5,0,0,0,0,0,0,0,0 //SK_KN_ADRENALINERUSH
4008,876,5,835,5,0,0,0,0,0,0,0,0 //SK_KN_FURY
4008,368,5,876,5,0,0,0,0,0,0,0,0 //SK_KN_RECKONING
4008,816,5,0,0,0,0,0,0,0,0,0,0 //SK_KN_SQUICKEN
4008,59,5,816,5,0,0,0,0,0,0,0,0 //SK_KN_SPEARCANNON
4008,56,5,59,5,0,0,0,0,0,0,0,0 //SK_KN_PIERCE
4008,57,5,56,5,0,0,0,0,0,0,0,0 //SK_KN_BRANDISHSPEAR
4008,815,5,0,0,0,0,0,0,0,0,0,0 //SK_KN_OHQUICKEN
4008,2005,5,815,5,0,0,0,0,0,0,0,0 //SK_KN_WINDCUTTER
4008,2001,5,2005,5,0,0,0,0,0,0,0,0 //SK_KN_ENCHANTBLADE
4008,2002,5,2001,5,0,0,0,0,0,0,0,0 //SK_KN_SONICWAVE
4008,61,5,817,5,816,5,0,0,0,0,0,0 //SK_KN_COUNTERATTACK
4008,62,5,61,5,0,0,0,0,0,0,0,0 //SK_KN_BOWLINGBASH
4008,2016,5,816,5,815,5,0,0,0,0,0,0 //SK_KN_VIGOR
4008,2015,5,2016,5,0,0,0,0,0,0,0,0 //SK_KN_STONESKIN
4008,863,5,368,5,0,0,0,0,0,0,0,0 //SK_CM_TWOHAND
4008,359,5,863,5,0,0,0,0,0,0,0,0 //SK_CM_FRENZY
4008,357,5,57,5,0,0,0,0,0,0,0,0 //SK_CM_SPEAR_DYNAMO
4008,2004,5,357,5,0,0,0,0,0,0,0,0 //SK_CM_HUNDREDSPEAR 
4008,5004,5,2002,5,0,0,0,0,0,0,0,0 //SK_CM_DRAGONBREATH
4008,2006,5,5004,5,0,0,0,0,0,0,0,0 //SK_CM_IGNITIONBREAK
4008,356,5,2015,5,0,0,0,0,0,0,0,0 //SK_CM_PARRY
4008,5013,5,356,5,0,0,0,0,0,0,0,0 //SK_CM_MILLENIUMSHIELDS
4008,397,5,62,5,0,0,0,0,0,0,0,0 //SK_CM_CLASHINGSPIRAL
4008,355,5,397,5,0,0,0,0,0,0,0,0 //SK_CM_AURABLADE

//Clown
4020,1,8,0,0,0,0,0,0,0,0,0,0 //SK_NV_BASIC
4020,5067,1,0,0,0,0,0,0,0,0,0,0 //SK_NV_EQSWITCH
4020,43,5,0,0,0,0,0,0,0,0,0,0 //SK_AC_OWL
4020,147,5,43,5,0,0,0,0,0,0,0,0 //SK_AC_MAKINGARROW
4020,1009,5,147,5,0,0,0,0,0,0,0,0 //SK_AC_ARROWRAIN
4020,499,5,1009,5,0,0,0,0,0,0,0,0 //SK_AC_SPIRITUALSTRAFE
4020,44,5,0,0,0,0,0,0,0,0,0,0 //SK_AC_VULTURE
4020,826,5,44,5,0,0,0,0,0,0,0,0 //SK_AC_HAWK
4020,827,5,826,5,0,0,0,0,0,0,0,0 //SK_AC_AGI
4020,45,5,827,5,0,0,0,0,0,0,0,0 //SK_AC_IMPROVECONCENTRATION
4020,2430,5,0,0,0,0,0,0,0,0,0,0 //SK_AC_BOW
4020,2017,5,2430,5,0,0,0,0,0,0,0,0 //SK_AC_CHARGEDARROW
4020,47,5,2017,5,0,0,0,0,0,0,0,0 //SK_AC_ARROWSHOWER
4020,46,5,47,5,0,0,0,0,0,0,0,0 //SK_AC_DOUBLESTRAFE
4020,9,5,43,5,2430,5,0,0,0,0,0,0 //SK_SM_SRECOVERY
4020,363,5,9,5,0,0,0,0,0,0,0,0 //SK_SM_MEDITATE
4020,807,5,2430,5,44,5,0,0,0,0,0,0 //SK_AC_PARALIZINGDART
4020,831,5,807,5,0,0,0,0,0,0,0,0 //SK_AC_TRANQUILIZINGDART
4020,2381,5,0,0,0,0,0,0,0,0,0,0 //SK_BA_WINDMILLPOEM
4020,2236,5,2381,5,0,0,0,0,0,0,0,0 //SK_RG_QUICKSHOT,
4020,2288,5,2236,5,0,0,0,0,0,0,0,0 //SK_RG_TRIANGLESHOT,
4020,2233,5,2288,5,0,0,0,0,0,0,0,0 //SK_RG_ARROWSTORM,
4020,315,5,0,0,0,0,0,0,0,0,0,0 //SK_BA_SHOWMANSHIP
4020,307,5,315,5,0,0,0,0,0,0,0,0 //SK_BA_ACOUSTICRYTHM
4020,320,5,307,5,0,0,0,0,0,0,0,0 //SK_BA_IMPRESSIVERIFF
4020,321,5,320,5,0,0,0,0,0,0,0,0 //SK_BA_MAGICSTRINGS
4020,2382,5,0,0,0,0,0,0,0,0,0,0 //SK_BA_ECHONOCTURNAE
4020,2423,5,2382,5,0,0,0,0,0,0,0,0 //SK_BA_TWILIGHTCHORD
4020,312,5,2423,5,0,0,0,0,0,0,0,0 //SK_BA_MOONLIGHTSONATA
4020,898,5,312,5,0,0,0,0,0,0,0,0 //SK_BA_ALLNIGHTLONG
4020,316,5,315,5,2381,5,0,0,0,0,0,0 //SK_BA_MELODYSTRIKE
4020,2426,5,316,5,0,0,0,0,0,0,0,0 //SK_BA_GREATECHO
4020,2413,5,315,5,2382,5,0,0,0,0,0,0 //SK_BA_METALLICSOUND
4020,2414,5,2413,5,0,0,0,0,0,0,0,0 //SK_BA_REVERBERATION 
4020,5002,5,2233,5,0,0,0,0,0,0,0,0 //SK_ST_UNLIMIT
4020,382,5,5002,5,0,0,0,0,0,0,0,0 //SK_ST_SHARPSHOOTING
4020,394,5,2426,5,0,0,0,0,0,0,0,0 //SK_CL_ARROWVULCAN
4020,2418,5,394,5,0,0,0,0,0,0,0,0 //SK_CL_SEVERERAINSTORM
4020,396,5,321,5,0,0,0,0,0,0,0,0 //SK_CL_MARIONETTECONTROL
4020,309,5,396,5,0,0,0,0,0,0,0,0 //SK_CL_BATTLEDRUMS
4020,2422,5,2414,0,0,0,0,0,0,0,0,0 //SK_CL_DEEPSLEEPLULLABY
4020,864,5,2422,5,0,0,0,0,0,0,0,0 //SK_CL_METALLICFURY
4020,865,5,898,5,0,0,0,0,0,0,0,0 //SK_CL_ALLSTAR
4020,313,5,865,5,0,0,0,0,0,0,0,0 //SK_CL_PAGANPARTY

//Gypsy
4021,1,8,0,0,0,0,0,0,0,0,0,0 //SK_NV_BASIC
4021,5067,1,0,0,0,0,0,0,0,0,0,0 //SK_NV_EQSWITCH
4021,43,5,0,0,0,0,0,0,0,0,0,0 //SK_AC_OWL
4021,147,5,43,5,0,0,0,0,0,0,0,0 //SK_AC_MAKINGARROW
4021,1009,5,147,5,0,0,0,0,0,0,0,0 //SK_AC_ARROWRAIN
4021,499,5,1009,5,0,0,0,0,0,0,0,0 //SK_AC_SPIRITUALSTRAFE
4021,44,5,0,0,0,0,0,0,0,0,0,0 //SK_AC_VULTURE
4021,826,5,44,5,0,0,0,0,0,0,0,0 //SK_AC_HAWK
4021,827,5,826,5,0,0,0,0,0,0,0,0 //SK_AC_AGI
4021,45,5,827,5,0,0,0,0,0,0,0,0 //SK_AC_IMPROVECONCENTRATION
4021,2430,5,0,0,0,0,0,0,0,0,0,0 //SK_AC_BOW
4021,2017,5,2430,5,0,0,0,0,0,0,0,0 //SK_AC_CHARGEDARROW
4021,47,5,2017,5,0,0,0,0,0,0,0,0 //SK_AC_ARROWSHOWER
4021,46,5,47,5,0,0,0,0,0,0,0,0 //SK_AC_DOUBLESTRAFE
4021,9,5,43,5,2430,5,0,0,0,0,0,0 //SK_SM_SRECOVERY
4021,363,5,9,5,0,0,0,0,0,0,0,0 //SK_SM_MEDITATE
4021,807,5,2430,5,44,5,0,0,0,0,0,0 //SK_AC_PARALIZINGDART
4021,831,5,807,5,0,0,0,0,0,0,0,0 //SK_AC_TRANQUILIZINGDART
4021,2381,5,0,0,0,0,0,0,0,0,0,0 //SK_BA_WINDMILLPOEM
4021,2236,5,2381,5,0,0,0,0,0,0,0,0 //SK_RG_QUICKSHOT,
4021,2288,5,2236,5,0,0,0,0,0,0,0,0 //SK_RG_TRIANGLESHOT,
4021,2233,5,2288,5,0,0,0,0,0,0,0,0 //SK_RG_ARROWSTORM,
4021,315,5,0,0,0,0,0,0,0,0,0,0 //SK_BA_SHOWMANSHIP
4021,307,5,315,5,0,0,0,0,0,0,0,0 //SK_BA_ACOUSTICRYTHM
4021,320,5,307,5,0,0,0,0,0,0,0,0 //SK_BA_IMPRESSIVERIFF
4021,321,5,320,5,0,0,0,0,0,0,0,0 //SK_BA_MAGICSTRINGS
4021,2382,5,0,0,0,0,0,0,0,0,0,0 //SK_BA_ECHONOCTURNAE
4021,2423,5,2382,5,0,0,0,0,0,0,0,0 //SK_BA_TWILIGHTCHORD
4021,312,5,2423,5,0,0,0,0,0,0,0,0 //SK_BA_MOONLIGHTSONATA
4021,898,5,312,5,0,0,0,0,0,0,0,0 //SK_BA_ALLNIGHTLONG
4021,316,5,315,5,2381,5,0,0,0,0,0,0 //SK_BA_MELODYSTRIKE
4021,2426,5,316,5,0,0,0,0,0,0,0,0 //SK_BA_GREATECHO
4021,2413,5,315,5,2382,5,0,0,0,0,0,0 //SK_BA_METALLICSOUND
4021,2414,5,2413,5,0,0,0,0,0,0,0,0 //SK_BA_REVERBERATION 
4021,5002,5,2233,5,0,0,0,0,0,0,0,0 //SK_ST_UNLIMIT
4021,382,5,5002,5,0,0,0,0,0,0,0,0 //SK_ST_SHARPSHOOTING
4021,394,5,2426,5,0,0,0,0,0,0,0,0 //SK_CL_ARROWVULCAN
4021,2418,5,394,5,0,0,0,0,0,0,0,0 //SK_CL_SEVERERAINSTORM
4021,396,5,321,5,0,0,0,0,0,0,0,0 //SK_CL_MARIONETTECONTROL
4021,309,5,396,5,0,0,0,0,0,0,0,0 //SK_CL_BATTLEDRUMS
4021,2422,5,2414,0,0,0,0,0,0,0,0,0 //SK_CL_DEEPSLEEPLULLABY
4021,864,5,2422,5,0,0,0,0,0,0,0,0 //SK_CL_METALLICFURY
4021,865,5,898,5,0,0,0,0,0,0,0,0 //SK_CL_ALLSTAR
4021,313,5,865,5,0,0,0,0,0,0,0,0 //SK_CL_PAGANPARTY

//Executioner
4013,1,8,0,0,0,0,0,0,0,0,0,0 //SK_NV_BASIC
4013,5067,1,0,0,0,0,0,0,0,0,0,0 //SK_NV_EQSWITCH
4013,50,5,0,0,0,0,0,0,0,0,0,0 //SK_TF_STEAL
4013,802,5,50,5,0,0,0,0,0,0,0,0 //SK_TF_SNATCH
4013,803,5,802,5,0,0,0,0,0,0,0,0 //SK_TF_SANDATTACK
4013,210,5,803,5,0,0,0,0,0,0,0,0 //SK_TF_MUG
4013,801,5,0,0,0,0,0,0,0,0,0,0 //SK_TF_DAGGER
4013,52,5,801,5,0,0,0,0,0,0,0,0 //SK_TF_POISONSLASH
4013,139,5,52,5,0,0,0,0,0,0,0,0 //SK_TF_POISONREACT
4013,1004,5,139,5,0,0,0,0,0,0,0,0 //SK_TF_VENOMKNIFE
4013,51,5,0,0,0,0,0,0,0,0,0,0 //SK_TF_HIDING
4013,150,5,51,5,0,0,0,0,0,0,0,0 //SK_TF_BACKSLIDING
4013,152,5,150,5,0,0,0,0,0,0,0,0 //SK_TF_THROWSTONE
4013,45,5,152,5,0,0,0,0,0,0,0,0 //SK_AC_IMPROVECONCENTRATION
4013,2430,5,801,5,51,5,0,0,0,0,0,0 //SK_AC_BOW
4013,46,5,2430,5,0,0,0,0,0,0,0,0 //SK_AC_DOUBLESTRAFE
4013,856,5,50,5,801,5,0,0,0,0,0,0 //SK_TF_SWORD
4013,5,5,856,5,0,0,0,0,0,0,0,0 //SK_SM_BASH
4013,134,5,0,0,0,0,0,0,0,0,0,0 //SK_AS_KATAR
4013,136,5,134,5,0,0,0,0,0,0,0,0 //SK_AS_SONICBLOW
4013,2036,5,136,5,0,0,0,0,0,0,0,0 //SK_AS_ROLLINGCUTTER
4013,2037,5,2036,5,0,0,0,0,0,0,0,0 //SK_AS_CROSSRIPPERSLASHER
4013,135,5,0,0,0,0,0,0,0,0,0,0 //SK_AS_CLOAKING
4013,137,5,135,5,0,0,0,0,0,0,0,0 //SK_AS_GRIMTOOTH
4013,389,5,137,5,0,0,0,0,0,0,0,0 //SK_AS_STEALTH
4013,214,5,389,5,0,0,0,0,0,0,0,0 //SK_AS_PHANTOMMENACE
4013,138,5,0,0,0,0,0,0,0,0,0,0 //SK_AS_ENCHANTPOISON
4013,2450,5,138,5,0,0,0,0,0,0,0,0 //SK_AS_POISONOUSCLOUD
4013,2021,5,2450,5,0,0,0,0,0,0,0,0 //SK_AS_VENOMIMPRESS
4013,141,5,2021,5,0,0,0,0,0,0,0,0 //SK_AS_VENOMSPLASHER
4013,133,5,135,5,138,5,0,0,0,0,0,0 //SK_AS_DUALWIELDING
4013,48,5,133,5,0,0,0,0,0,0,0,0 //SK_AS_DOUBLEATTACK
4013,523,5,134,5,135,5,0,0,0,0,0,0 //SK_AS_SHURIKEN
4013,524,5,523,5,0,0,0,0,0,0,0,0 //SK_AS_TRIPLE_SHURIKEN
4013,5001,5,2037,5,0,0,0,0,0,0,0,0 //SK_EX_DARKCLAW
4013,869,5,5001,5,0,0,0,0,0,0,0,0 //SK_EX_DUMMY_CROSSIMPACT
4013,379,5,524,5,0,0,0,0,0,0,0,0 //SK_EX_SOULDESTROYER
4013,406,5,379,5,0,0,0,0,0,0,0,0 //SK_EX_METEORASSAULT
4013,2035,5,214,5,0,0,0,0,0,0,0,0 //SK_EX_HALLUCINATIONWALK
4013,2290,5,2035,5,0,0,0,0,0,0,0,0 //SK_EX_INVISIBILITY
4013,2448,5,141,5,0,0,0,0,0,0,0,0 //SK_EX_POISONBUSTER
4013,378,5,2448,5,0,0,0,0,0,0,0,0 //SK_EX_ENCHANTDEADLYPOISON
4013,870,5,48,5,0,0,0,0,0,0,0,0 //SK_EX_DANCINGBLADES
4013,1003,5,870,5,0,0,0,0,0,0,0,0 //SK_EX_SONICACCELERATION

//Stalker
4018,1,8,0,0,0,0,0,0,0,0,0,0 //SK_NV_BASIC
4018,5067,1,0,0,0,0,0,0,0,0,0,0 //SK_NV_EQSWITCH
4018,50,5,0,0,0,0,0,0,0,0,0,0 //SK_TF_STEAL
4018,802,5,50,5,0,0,0,0,0,0,0,0 //SK_TF_SNATCH
4018,803,5,802,5,0,0,0,0,0,0,0,0 //SK_TF_SANDATTACK
4018,210,5,803,5,0,0,0,0,0,0,0,0 //SK_TF_MUG
4018,801,5,0,0,0,0,0,0,0,0,0,0 //SK_TF_DAGGER
4018,52,5,801,5,0,0,0,0,0,0,0,0 //SK_TF_POISONSLASH
4018,139,5,52,5,0,0,0,0,0,0,0,0 //SK_TF_POISONREACT
4018,1004,5,139,5,0,0,0,0,0,0,0,0 //SK_TF_VENOMKNIFE
4018,51,5,0,0,0,0,0,0,0,0,0,0 //SK_TF_HIDING
4018,150,5,51,5,0,0,0,0,0,0,0,0 //SK_TF_BACKSLIDING
4018,152,5,150,5,0,0,0,0,0,0,0,0 //SK_TF_THROWSTONE
4018,45,5,152,5,0,0,0,0,0,0,0,0 //SK_AC_IMPROVECONCENTRATION
4018,2430,5,801,5,51,5,0,0,0,0,0,0 //SK_AC_BOW
4018,46,5,2430,5,0,0,0,0,0,0,0,0 //SK_AC_DOUBLESTRAFE
4018,856,5,50,5,801,5,0,0,0,0,0,0 //SK_TF_SWORD
4018,5,5,856,5,0,0,0,0,0,0,0,0 //SK_SM_BASH
4018,814,5,0,0,0,0,0,0,0,0,0,0 //SK_RG_DAGGERQUICKEN,
4018,530,5,814,5,0,0,0,0,0,0,0,0 //SK_RG_SHADYSLASH,
4018,212,5,530,5,0,0,0,0,0,0,0,0 //SK_RG_BACKSTAB,
4018,2029,5,212,5,0,0,0,0,0,0,0,0 //SK_RG_HACKANDSLASH,
4018,135,5,0,0,0,0,0,0,0,0,0,0 //SK_AS_CLOAKING
4018,137,5,135,5,0,0,0,0,0,0,0,0 //SK_AS_GRIMTOOTH
4018,389,5,137,5,0,0,0,0,0,0,0,0 //SK_AS_STEALTH
4018,214,5,389,5,0,0,0,0,0,0,0,0 //SK_AS_PHANTOMMENACE
4018,836,5,0,0,0,0,0,0,0,0,0,0 //SK_RG_VULTURE,
4018,2236,5,836,5,0,0,0,0,0,0,0,0 //SK_RG_QUICKSHOT,
4018,2288,5,2236,5,0,0,0,0,0,0,0,0 //SK_RG_TRIANGLESHOT,
4018,2233,5,2288,5,0,0,0,0,0,0,0,0 //SK_RG_ARROWSTORM,
4018,1005,5,814,5,135,5,0,0,0,0,0,0 //SK_RG_CLOSECONFINE
4018,871,5,1005,5,0,0,0,0,0,0,0,0 //SK_RG_STRIPACCESSORY
4018,872,5,135,5,836,5,0,0,0,0,0,0 //SK_RG_PLAGIARISM,
4018,873,5,872,5,0,0,0,0,0,0,0,0 //SK_RG_AMBIDEXTERITY,
4018,390,5,2029,5,0,0,0,0,0,0,0,0 //SK_ST_KILLERINSTIINCT
4018,2258,5,390,5,0,0,0,0,0,0,0,0 //SK_ST_FATALMENACE
4018,2287,5,871,5,0,0,0,0,0,0,0,0 //SK_ST_STALK
4018,476,5,2287,5,0,0,0,0,0,0,0,0 //SK_ST_FULLSTRIP
4018,2035,5,214,5,0,0,0,0,0,0,0,0 //SK_EX_HALLUCINATIONWALK
4018,2290,5,2035,5,0,0,0,0,0,0,0,0 //SK_EX_INVISIBILITY
4018,2285,5,873,5,0,0,0,0,0,0,0,0 //SK_ST_REPRODUCE
4018,2286,5,2285,5,0,0,0,0,0,0,0,0 //SK_ST_CHEATSKILL
4018,5002,5,2233,5,0,0,0,0,0,0,0,0 //SK_ST_UNLIMIT
4018,382,5,5002,5,0,0,0,0,0,0,0,0 //SK_ST_SHARPSHOOTING

//Champion
4016,1,8,0,0,0,0,0,0,0,0,0,0 //SK_NV_BASIC
4016,5067,1,0,0,0,0,0,0,0,0,0,0 //SK_NV_EQSWITCH
4016,156,5,0,0,0,0,0,0,0,0,0,0 //SK_AL_HOLYGHOST
4016,800,5,156,5,0,0,0,0,0,0,0,0 //SK_MG_CORRUPT
4016,11,5,800,5,0,0,0,0,0,0,0,0 //SK_AL_SACREDWAVE
4016,32,5,11,5,0,0,0,0,0,0,0,0 //SK_AL_SIGNUMCRUCIS
4016,9,5,0,0,0,0,0,0,0,0,0,0 //SK_SM_SRECOVERY
4016,859,5,9,5,0,0,0,0,0,0,0,0 //SK_AL_JGHEAL
4016,363,5,859,5,0,0,0,0,0,0,0,0 //SK_SM_MEDITATE
4016,2050,5,363,5,0,0,0,0,0,0,0,0 //SK_AL_RENEW
4016,24,5,0,0,0,0,0,0,0,0,0,0 //SK_AL_RUWACH
4016,33,5,24,5,0,0,0,0,0,0,0,0 //SK_AL_ANGELUS
4016,29,5,33,5,0,0,0,0,0,0,0,0 //SK_AL_INCREASEAGI
4016,34,5,29,5,0,0,0,0,0,0,0,0 //SK_AL_BLESSING
4016,65,5,156,5,9,5,0,0,0,0,0,0 //SK_AL_MACEMASTERY
4016,820,5,65,5,0,0,0,0,0,0,0,0 //SK_AL_MACEQUICKEN
4016,4,5,9,5,24,5,0,0,0,0,0,0 //SK_SM_RECOVERY
4016,248,5,4,5,0,0,0,0,0,0,0,0 //SK_SM_INNER_STRENGTH
4016,401,5,0,0,0,0,0,0,0,0,0,0 //SK_MO_SUMMONSPIRITSPHERE
4016,267,5,401,5,0,0,0,0,0,0,0,0 //SK_MO_TRHOWSPIRITSPHERE
4016,266,5,267,5,0,0,0,0,0,0,0,0 //SK_MO_OCCULTIMPACT
4016,874,5,266,5,0,0,0,0,0,0,0,0 //SK_MO_KIBLAST
4016,68,5,0,0,0,0,0,0,0,0,0,0 //SK_PR_ASPERSIO
4016,70,5,68,5,0,0,0,0,0,0,0,0 //SK_PR_SANCTUARIO
4016,2043,5,70,5,0,0,0,0,0,0,0,0 //SK_PR_COLUSEOHEAL
4016,2051,5,2043,5,0,0,0,0,0,0,0,0 //SK_PR_SUBLIMITASHEAL
4016,519,5,855,5,401,5,0,0,0,0,0,0 //SK_MO_TRIPLEARMCANNON
4016,514,5,519,5,0,0,0,0,0,0,0,0 //SK_MO_TIGERFIST
4016,262,5,401,5,68,5,0,0,0,0,0,0 //SK_MO_ABSORBSPIRITSPHERE
4016,264,5,262,5,0,0,0,0,0,0,0,0 //SK_MO_BODYRELOCATION
4016,855,5,0,0,0,0,0,0,0,0,0,0 //SK_MO_KNUCKLEQUICKEN
4016,1016,5,855,5,0,0,0,0,0,0,0,0 //SK_MO_FALINGFIST
4016,2337,5,1016,5,0,0,0,0,0,0,0,0 //SK_MO_CIRCULARFISTS
4016,370,5,2337,5,0,0,0,0,0,0,0,0 //SK_MO_PALMSTRIKE
4016,270,5,370,5,0,0,0,0,0,0,0,0 //SK_SH_ULTRAINSTINCT
4016,2326,5,270,5,0,0,0,0,0,0,0,0 //SK_SH_GUILLOTINEFISTS
4016,526,5,514,5,0,0,0,0,0,0,0,0 //SK_SH_GATEOFHELL
4016,2256,5,526,5,0,0,0,0,0,0,0,0 //SK_SH_DRAGONDARKNESSFLAME
4016,875,5,874,5,0,0,0,0,0,0,0,0 //SK_SH_ZEN
4016,271,5,875,5,0,0,0,0,0,0,0,0 //SK_SH_ASURASTRIKE
4016,269,5,264,5,0,0,0,0,0,0,0,0 //SK_SH_GRAPPLE
4016,268,5,268,0,0,0,0,0,0,0,0,0 //SK_SH_MENTALSTRENGTH
4016,5011,5,2051,5,0,0,0,0,0,0,0,0 //SK_BI_OFFERTORIUM
4016,2044,5,5011,5,0,0,0,0,0,0,0,0 //SK_BI_EPICLESIS

//Bishop
4009,1,8,0,0,0,0,0,0,0,0,0,0 //SK_NV_BASIC
4009,5067,1,0,0,0,0,0,0,0,0,0,0 //SK_NV_EQSWITCH
4009,156,5,0,0,0,0,0,0,0,0,0,0 //SK_AL_HOLYGHOST
4009,800,5,156,5,0,0,0,0,0,0,0,0 //SK_MG_CORRUPT
4009,11,5,800,5,0,0,0,0,0,0,0,0 //SK_AL_SACREDWAVE
4009,32,5,11,5,0,0,0,0,0,0,0,0 //SK_AL_SIGNUMCRUCIS
4009,9,5,0,0,0,0,0,0,0,0,0,0 //SK_SM_SRECOVERY
4009,859,5,9,5,0,0,0,0,0,0,0,0 //SK_AL_JGHEAL
4009,363,5,859,5,0,0,0,0,0,0,0,0 //SK_SM_MEDITATE
4009,2050,5,363,5,0,0,0,0,0,0,0,0 //SK_AL_RENEW
4009,24,5,0,0,0,0,0,0,0,0,0,0 //SK_AL_RUWACH
4009,33,5,24,5,0,0,0,0,0,0,0,0 //SK_AL_ANGELUS
4009,29,5,33,5,0,0,0,0,0,0,0,0 //SK_AL_INCREASEAGI
4009,34,5,29,5,0,0,0,0,0,0,0,0 //SK_AL_BLESSING
4009,65,5,156,5,9,5,0,0,0,0,0,0 //SK_AL_MACEMASTERY
4009,820,5,65,5,0,0,0,0,0,0,0,0 //SK_AL_MACEQUICKEN
4009,4,5,9,5,24,5,0,0,0,0,0,0 //SK_SM_RECOVERY
4009,248,5,4,5,0,0,0,0,0,0,0,0 //SK_SM_INNER_STRENGTH
4009,806,5,0,0,0,0,0,0,0,0,0,0 //SK_PR_SPIRITUSANCTI
4009,253,5,806,5,0,0,0,0,0,0,0,0 //SK_CR_HOLYCROSS
4009,881,5,253,5,0,0,0,0,0,0,0,0 //SK_PR_JUDEX
4009,79,5,881,5,0,0,0,0,0,0,0,0 //SK_PR_MAGNUSEXORCISMUS
4009,805,5,806,5,68,5,0,0,0,0,0,0 //SK_PR_UNHOLYCROSS
4009,5072,5,805,5,0,0,0,0,0,0,0,0 //SK_PR_LEXAETERNA
4009,68,5,0,0,0,0,0,0,0,0,0,0 //SK_PR_ASPERSIO
4009,70,5,68,5,0,0,0,0,0,0,0,0 //SK_PR_SANCTUARIO
4009,2043,5,70,5,0,0,0,0,0,0,0,0 //SK_PR_COLUSEOHEAL
4009,2051,5,2043,5,0,0,0,0,0,0,0,0 //SK_PR_SUBLIMITASHEAL
4009,66,5,68,5,73,5,0,0,0,0,0,0 //SK_PR_IMPOSITIO
4009,2054,5,66,5,0,0,0,0,0,0,0,0 //SK_PR_DUPLELUX
4009,73,5,0,0,0,0,0,0,0,0,0,0 //SK_PR_KYRIE
4009,74,5,73,5,0,0,0,0,0,0,0,0 //SK_PR_MAGNIFICAT
4009,67,5,74,5,0,0,0,0,0,0,0,0 //SK_PR_SUFFRAGIUM
4009,54,5,73,5,0,0,0,0,0,0,0,0 //SK_PR_RESURRECTIO
4009,877,5,79,5,0,0,0,0,0,0,0,0 //SK_BI_LAUDATEDOMINIUM
4009,2040,5,877,5,0,0,0,0,0,0,0,0 //SK_BI_SENTENTIA
4009,878,5,5072,5,0,0,0,0,0,0,0,0 //SK_BI_PENITENTIA
4009,879,5,878,5,0,0,0,0,0,0,0,0 //SK_BI_DIABOLICRUCIATUS
4009,5011,5,2051,5,0,0,0,0,0,0,0,0 //SK_BI_OFFERTORIUM
4009,2044,5,5011,5,0,0,0,0,0,0,0,0 //SK_BI_EPICLESIS
4009,2053,5,2054,5,0,0,0,0,0,0,0,0 //SK_BI_EXPIATIO
4009,880,5,2053,5,0,0,0,0,0,0,0,0 //SK_BI_INLUCEMBATALIA
4009,69,5,54,5,0,0,0,0,0,0,0,0 //SK_BI_BENEDICTIO
4009,361,5,69,5,0,0,0,0,0,0,0,0 //SK_BI_ASSUMPTIO

//Sorcerer
4010,1,8,0,0,0,0,0,0,0,0,0,0 //SK_NV_BASIC
4010,5067,1,0,0,0,0,0,0,0,0,0,0 //SK_NV_EQSWITCH
4010,839,5,0,0,0,0,0,0,0,0,0,0 //SK_MG_EARTHBOLT
4010,20,5,839,5,0,0,0,0,0,0,0,0 //SK_MG_LIGHTNINGBOLT
4010,14,5,20,5,0,0,0,0,0,0,0,0 //SK_MG_COLDBOLT
4010,19,5,14,5,0,0,0,0,0,0,0,0 //SK_MG_FIREBOLT
4010,837,5,0,0,0,0,0,0,0,0,0,0 //SK_MG_SRECOVERY
4010,275,5,837,5,0,0,0,0,0,0,0,0 //SK_MG_CASTCANCEL
4010,157,5,275,5,0,0,0,0,0,0,0,0 //SK_MG_ENERGYCOAT
4010,2231,5,157,5,0,0,0,0,0,0,0,0 //SK_MG_READING_SB
4010,156,5,0,0,0,0,0,0,0,0,0,0 //SK_AL_HOLYGHOST
4010,2202,5,0,0,0,0,0,0,0,0,0,0 //SK_MG_VOIDEXPANSION
4010,340,5,2202,5,0,0,0,0,0,0,0,0 //SK_MG_DARKSTRIKE
4010,13,5,340,0,0,0,0,0,0,0,0,0 //SK_MG_SOULSTRIKE
4010,800,5,13,5,0,0,0,0,0,0,0,0 //SK_MG_CORRUPT
4010,16,5,837,5,839,5,0,0,0,0,0,0 //SK_MG_STONECURSE
4010,92,5,16,5,0,0,0,0,0,0,0,0 //SK_MG_QUAGMIRE
4010,15,5,837,5,2202,5,0,0,0,0,0,0 //SK_MG_FROSTDIVER
4010,87,5,15,5,0,0,0,0,0,0,0,0 //SK_MG_ICEWALL
4010,2446,5,0,0,0,0,0,0,0,0,0,0 //SK_WZ_EARTHSTRAIN
4010,85,5,2446,5,0,0,0,0,0,0,0,0 //SK_WZ_LORDOFVERMILION
4010,89,5,85,5,0,0,0,0,0,0,0,0 //SK_WZ_STORMGUST
4010,83,5,89,5,0,0,0,0,0,0,0,0 //SK_WZ_METEORSTORM
4010,90,5,0,0,0,0,0,0,0,0,0,0 //SK_WZ_STALAGMITE
4010,884,5,90,5,0,0,0,0,0,0,0,0 //SK_WZ_THUNDERSTORM
4010,838,5,884,5,0,0,0,0,0,0,0,0 //SK_WZ_ICEBERG 
4010,2211,5,838,5,0,0,0,0,0,0,0,0 //SK_WZ_CRIMSONROCK 
4010,844,5,0,0,0,0,0,0,0,0,0,0 //SK_WZ_ICONOFSIN
4010,469,5,844,5,0,0,0,0,0,0,0,0 //SK_WZ_ILLUSIONARYBLADES
4010,845,5,469,5,0,0,0,0,0,0,0,0 //SK_WZ_EXTREMEVACUUM
4010,846,5,845,5,0,0,0,0,0,0,0,0 //SK_WZ_REALITYBREAKER
4010,365,5,90,5,844,5,0,0,0,0,0,0 //SK_WZ_MAGICCRASHER
4010,2449,5,365,5,0,0,0,0,0,0,0,0 //SK_WZ_PSYCHICWAVE
4010,2208,5,90,5,2446,5,0,0,0,0,0,0 //SK_WZ_RADIUS
4010,403,5,2208,5,0,0,0,0,0,0,0,0 //SK_WZ_FORESIGHT
4010,2222,5,83,5,0,0,0,0,0,0,0,0 //SK_SO_SUMMONELEMENTALSPHERES
4010,2217,5,2222,5,0,0,0,0,0,0,0,0 //SK_SO_TETRAVORTEX
4010,2206,5,403,5,0,0,0,0,0,0,0,0 //SK_SO_HINDSIGHT
4010,366,5,2206,5,0,0,0,0,0,0,0,0 //SK_SO_MYSTICALAMPLIFICATION
4010,883,5,2211,5,0,0,0,0,0,0,0,0 //SK_SO_PHANTOMSPEAR
4010,882,5,883,5,0,0,0,0,0,0,0,0 //SK_SO_SHADOWBOMB 
4010,887,5,2449,5,0,0,0,0,0,0,0,0 //SK_SO_DIAMONDDUST
4010,888,5,887,5,0,0,0,0,0,0,0,0 //SK_SO_ASTRALSTRIKE
4010,5012,5,846,5,0,0,0,0,0,0,0,0 //SK_SO_VOIDMAGEPRODIGY
4010,885,5,5012,5,0,0,0,0,0,0,0,0 //SK_SO_DOOM

//Mastersmith
4011,1,8,0,0,0,0,0,0,0,0,0,0 //SK_NV_BASIC
4011,5067,1,0,0,0,0,0,0,0,0,0,0 //SK_NV_EQSWITCH
4011,809,5,0,0,0,0,0,0,0,0,0,0 //SK_MC_CARTQUAKE
4011,810,5,809,5,0,0,0,0,0,0,0,0 //SK_MC_CARTCYCLONE
4011,811,5,810,5,0,0,0,0,0,0,0,0 //SK_MC_CARTBRUME
4011,804,5,811,5,0,0,0,0,0,0,0,0 //SK_MC_CARTFIREWORKS
4011,226,5,0,0,0,0,0,0,0,0,0,0 //SK_MC_AXEMASTERY
4011,42,5,226,5,0,0,0,0,0,0,0,0 //SK_MC_MAMMONITE
4011,155,5,42,5,0,0,0,0,0,0,0,0 //SK_MC_LOUD
4011,818,5,155,5,0,0,0,0,0,0,0,0 //SK_MC_UPROAR
4011,1013,5,0,0,0,0,0,0,0,0,0,0 //SK_MC_GREED
4011,38,5,1013,5,0,0,0,0,0,0,0,0 //SK_MC_OVERCHARGE
4011,893,5,38,5,0,0,0,0,0,0,0,0 //MC_COIN
4011,41,5,893,5,0,0,0,0,0,0,0,0 //SK_MC_VENDING
4011,4,5,809,5,226,5,0,0,0,0,0,0 //SK_SM_RECOVERY
4011,248,5,4,5,0,0,0,0,0,0,0,0 //SK_SM_INNER_STRENGTH
4011,9,5,226,5,1013,5,0,0,0,0,0,0 //SK_SM_SRECOVERY
4011,363,5,9,5,0,0,0,0,0,0,0,0 //SK_SM_MEDITATE
4011,387,5,0,0,0,0,0,0,0,0,0,0 //SK_BS_CARTBOOST
4011,2477,5,387,5,0,0,0,0,0,0,0,0 //SK_BS_CARTCANNON
4011,812,5,2477,5,0,0,0,0,0,0,0,0 //SK_BS_CARTSHRAPNEL
4011,520,5,812,5,0,0,0,0,0,0,0,0 //SK_BS_CROWDCONTROLSHOT
4011,111,5,0,0,0,0,0,0,0,0,0,0 //SK_BS_WEAPONRYEXPERTISE
4011,112,5,111,5,0,0,0,0,0,0,0,0 //SK_BS_WEAPONSHARPENING
4011,114,5,112,5,0,0,0,0,0,0,0,0 //SK_BS_MAXIMIZEPOWER
4011,113,5,114,5,0,0,0,0,0,0,0,0 //SK_BS_POWERTHRUST
4011,808,5,0,0,0,0,0,0,0,0,0,0 //SK_BS_AXEQUICKEN
4011,2278,5,808,5,0,0,0,0,0,0,0,0 //SK_BS_AXEBOOMERANG
4011,2280,5,2278,5,0,0,0,0,0,0,0,0 //SK_BS_AXETORNADO
4011,110,5,2280,5,0,0,0,0,0,0,0,0 //SK_BS_HAMMERFALL
4011,108,5,111,5,808,5,0,0,0,0,0,0 //SK_BS_REPAIRWEAPON
4011,101,5,108,5,0,0,0,0,0,0,0,0 //BS_AXE
4011,8,5,111,5,387,5,0,0,0,0,0,0 //SK_BS_ENDURE
4011,109,5,8,5,0,0,0,0,0,0,0,0 //SK_BS_SKINTEMPERING
4011,515,5,520,5,0,0,0,0,0,0,0,0 //SK_MS_TRIGGERHAPPYCART
4011,485,5,515,5,0,0,0,0,0,0,0,0 //SK_MS_CARTTERMINATION
4011,891,5,109,5,0,0,0,0,0,0,0,0 //SK_MS_ARMORREINFORCEMENT
4011,2273,5,891,5,0,0,0,0,0,0,0,0 //SK_MS_NEUTRALBARRIER
4011,384,5,113,5,0,0,0,0,0,0,0,0 //SK_MS_MELTDOWN
4011,486,5,384,5,0,0,0,0,0,0,0,0 //SK_MS_MAXPOWERTHRUST
4011,890,5,110,5,0,0,0,0,0,0,0,0 //SK_MS_HAMMERDOWNPROTOCOL
4011,2279,5,890,5,0,0,0,0,0,0,0,0 //SK_MS_POWERSWING
4011,477,5,101,5,0,0,0,0,0,0,0,0 //SK_MS_WEAPONREFINE
4011,892,5,477,5,0,0,0,0,0,0,0,0 //SK_MS_MASTERCRAFT

//Professor
4017,1,8,0,0,0,0,0,0,0,0,0,0 //SK_NV_BASIC
4017,5067,1,0,0,0,0,0,0,0,0,0,0 //SK_NV_EQSWITCH
4017,839,5,0,0,0,0,0,0,0,0,0,0 //SK_MG_EARTHBOLT
4017,20,5,839,5,0,0,0,0,0,0,0,0 //SK_MG_LIGHTNINGBOLT
4017,14,5,20,5,0,0,0,0,0,0,0,0 //SK_MG_COLDBOLT
4017,19,5,14,5,0,0,0,0,0,0,0,0 //SK_MG_FIREBOLT
4017,837,5,0,0,0,0,0,0,0,0,0,0 //SK_MG_SRECOVERY
4017,275,5,837,5,0,0,0,0,0,0,0,0 //SK_MG_CASTCANCEL
4017,157,5,275,5,0,0,0,0,0,0,0,0 //SK_MG_ENERGYCOAT
4017,2231,5,157,5,0,0,0,0,0,0,0,0 //SK_MG_READING_SB
4017,2202,5,0,0,0,0,0,0,0,0,0,0 //SK_MG_VOIDEXPANSION
4017,340,5,2202,5,0,0,0,0,0,0,0,0 //SK_MG_DARKSTRIKE
4017,13,5,340,0,0,0,0,0,0,0,0,0 //SK_MG_SOULSTRIKE
4017,800,5,13,5,0,0,0,0,0,0,0,0 //SK_MG_CORRUPT
4017,16,5,837,5,839,5,0,0,0,0,0,0 //SK_MG_STONECURSE
4017,92,5,16,5,0,0,0,0,0,0,0,0 //SK_MG_QUAGMIRE
4017,15,5,837,5,2202,5,0,0,0,0,0,0 //SK_MG_FROSTDIVER
4017,87,5,15,5,0,0,0,0,0,0,0,0 //SK_MG_ICEWALL
4017,905,5,0,0,0,0,0,0,0,0,0,0 //SK_SA_SUMMONELEMENTAL
4017,2461,5,905,5,0,0,0,0,0,0,0,0 //SK_SA_ELEMENTALACTION1
4017,2464,5,2461,5,0,0,0,0,0,0,0,0 //SK_SA_ELEMENTALTRANSFUSION
4017,829,5,2464,5,0,0,0,0,0,0,0,0 //SK_SA_ELEMENTALACTION2
4017,2446,5,0,0,0,0,0,0,0,0,0,0 //SK_WZ_EARTHSTRAIN 
4017,85,5,2446,5,0,0,0,0,0,0,0,0 //SK_WZ_LORDOFVERMILION
4017,89,5,85,5,0,0,0,0,0,0,0,0 //SK_WZ_STORMGUST
4017,83,5,89,5,0,0,0,0,0,0,0,0 //SK_WZ_METEORSTORM
4017,76,5,0,0,0,0,0,0,0,0,0,0 //SK_SA_SILENCE 
4017,289,5,76,5,0,0,0,0,0,0,0,0 //SK_SA_DISPELL
4017,402,5,289,5,0,0,0,0,0,0,0,0 //SK_SA_MINDGAMES
4017,2201,5,402,0,0,0,0,0,0,0,0,0 //SK_SA_WHITEIMPRISON
4017,830,5,905,5,76,5,0,0,0,0,0,0 //SK_SA_BOOKQUICKEN 
4017,279,5,830,5,0,0,0,0,0,0,0,0 //SK_SA_AUTOSPELL 
4017,375,5,2446,5,76,5,0,0,0,0,0,0 //SK_SA_SOULBURN 
4017,2210,5,375,5,0,0,0,0,0,0,0,0 //SK_SA_DRAINLIFE
4017,917,5,829,5,0,0,0,0,0,0,0,0 //SK_PF_ELEMENTALACTION3
4017,913,5,917,5,0,0,0,0,0,0,0,0 //SK_PF_ELEMENTALEMPATHY
4017,2445,5,279,5,0,0,0,0,0,0,0,0 //SK_PF_SPELLFIST
4017,482,5,2445,5,0,0,0,0,0,0,0,0 //SK_PF_MAGICSQUARED
4017,288,5,2201,5,0,0,0,0,0,0,0,0 //SK_PF_LANDPROTECTOR
4017,894,5,288,5,0,0,0,0,0,0,0,0 //SK_PF_STASIS
4017,373,5,375,5,0,0,0,0,0,0,0,0 //SK_PF_INDULGE 
4017,374,5,373,5,0,0,0,0,0,0,0,0 //SK_PF_SOULEXHALE 
4017,2222,5,83,5,0,0,0,0,0,0,0,0 //SK_SO_SUMMONELEMENTALSPHERES
4017,2217,5,2222,5,0,0,0,0,0,0,0,0 //SK_SO_TETRAVORTEX

//Creator
4019,1,8,0,0,0,0,0,0,0,0,0,0 //SK_NV_BASIC
4019,5067,1,0,0,0,0,0,0,0,0,0,0 //SK_NV_EQSWITCH
4019,809,5,0,0,0,0,0,0,0,0,0,0 //SK_MC_CARTQUAKE
4019,810,5,809,5,0,0,0,0,0,0,0,0 //SK_MC_CARTCYCLONE
4019,811,5,810,5,0,0,0,0,0,0,0,0 //SK_MC_CARTBRUME
4019,804,5,811,5,0,0,0,0,0,0,0,0 //SK_MC_CARTFIREWORKS
4019,226,5,0,0,0,0,0,0,0,0,0,0 //SK_MC_AXEMASTERY
4019,42,5,226,5,0,0,0,0,0,0,0,0 //SK_MC_MAMMONITE
4019,155,5,42,5,0,0,0,0,0,0,0,0 //SK_MC_LOUD
4019,818,5,155,5,0,0,0,0,0,0,0,0 //SK_MC_UPROAR
4019,1013,5,0,0,0,0,0,0,0,0,0,0 //SK_MC_GREED
4019,38,5,1013,5,0,0,0,0,0,0,0,0 //SK_MC_OVERCHARGE
4019,893,5,38,5,0,0,0,0,0,0,0,0 //MC_COIN
4019,41,5,893,5,0,0,0,0,0,0,0,0 //SK_MC_VENDING
4019,4,5,809,5,226,5,0,0,0,0,0,0 //SK_SM_RECOVERY
4019,248,5,4,5,0,0,0,0,0,0,0,0 //SK_SM_INNER_STRENGTH
4019,9,5,226,5,1013,5,0,0,0,0,0,0 //SK_SM_SRECOVERY
4019,363,5,9,5,0,0,0,0,0,0,0,0 //SK_SM_MEDITATE
4019,238,5,0,0,0,0,0,0,0,0,0,0 //SK_AM_BIOETHICS
4019,847,5,238,5,0,0,0,0,0,0,0,0 //SK_AM_HOMUNCULUSACTIONI
4019,850,5,847,5,0,0,0,0,0,0,0,0 //SK_AM_REGENETATION
4019,851,5,850,5,0,0,0,0,0,0,0,0 //SK_AM_HOMUNCULUSACTIONII
4019,903,5,851,5,0,0,0,0,0,0,0,0 //SK_CR_HOMUNCULUSRESEARCH
4019,908,5,903,5,0,0,0,0,0,0,0,0 //SK_CR_HOMUNCULUSACTIONIII
4019,228,5,0,0,0,0,0,0,0,0,0,0 //SK_AM_PHARMACY
4019,229,5,228,5,0,0,0,0,0,0,0,0 //SK_AM_FIREDEMONSTRATION
4019,230,5,229,5,0,0,0,0,0,0,0,0 //SK_AM_ACIDTERROR
4019,490,5,230,5,0,0,0,0,0,0,0,0 //SK_AM_BOMB
4019,387,5,0,0,0,0,0,0,0,0,0,0 //SK_BS_CARTBOOST
4019,2477,5,387,5,0,0,0,0,0,0,0,0 //SK_BS_CARTCANNON
4019,812,5,2477,5,0,0,0,0,0,0,0,0 //SK_BS_CARTSHRAPNEL
4019,520,5,812,5,0,0,0,0,0,0,0,0 //SK_BS_CROWDCONTROLSHOT
4019,491,5,238,5,228,5,0,0,0,0,0,0 //SK_AM_PLANTCULTIVATION
4019,2482,5,491,5,0,0,0,0,0,0,0,0 //SK_AM_WILDTHORNS
4019,231,5,387,5,228,5,0,0,0,0,0,0 //SK_AM_AIDPOTION
4019,854,5,231,5,0,0,0,0,0,0,0,0 //SK_AM_AIDCONDENSEDPOTION
4019,896,5,2482,5,0,0,0,0,0,0,0,0 //SK_CR_GEOGRAFIELD
4019,2483,5,896,5,0,0,0,0,0,0,0,0 //SK_CR_MANDRAKERAID
4019,2485,5,490,5,0,0,0,0,0,0,0,0 //SK_CR_INCENDIARYBOMB
4019,2481,5,2485,5,0,0,0,0,0,0,0,0 //SK_CR_ACIDBOMB
4019,479,5,854,5,0,0,0,0,0,0,0,0 //SK_CR_FULLCHEMICALPROTECTION
4019,478,5,479,5,0,0,0,0,0,0,0,0 //SK_CR_POTIONPITCHER
4019,515,5,520,5,0,0,0,0,0,0,0,0 //SK_MS_TRIGGERHAPPYCART
4019,485,5,515,5,0,0,0,0,0,0,0,0 //SK_MS_CARTTERMINATION

//Ranger
4012,1,8,0,0,0,0,0,0,0,0,0,0 //SK_NV_BASIC
4012,5067,1,0,0,0,0,0,0,0,0,0,0 //SK_NV_EQSWITCH
4012,43,5,0,0,0,0,0,0,0,0,0,0 //SK_AC_OWL
4012,147,5,43,5,0,0,0,0,0,0,0,0 //SK_AC_MAKINGARROW
4012,1009,5,147,5,0,0,0,0,0,0,0,0 //SK_AC_ARROWRAIN
4012,499,5,1009,5,0,0,0,0,0,0,0,0 //SK_AC_SPIRITUALSTRAFE
4012,44,5,0,0,0,0,0,0,0,0,0,0 //SK_AC_VULTURE
4012,826,5,44,5,0,0,0,0,0,0,0,0 //SK_AC_HAWK
4012,827,5,826,5,0,0,0,0,0,0,0,0 //SK_AC_AGI
4012,45,5,827,5,0,0,0,0,0,0,0,0 //SK_AC_IMPROVECONCENTRATION
4012,2430,5,0,0,0,0,0,0,0,0,0,0 //SK_AC_BOW
4012,2017,5,2430,5,0,0,0,0,0,0,0,0 //SK_AC_CHARGEDARROW
4012,47,5,2017,5,0,0,0,0,0,0,0,0 //SK_AC_ARROWSHOWER
4012,46,5,47,5,0,0,0,0,0,0,0,0 //SK_AC_DOUBLESTRAFE
4012,9,5,43,5,2430,5,0,0,0,0,0,0 //SK_SM_SRECOVERY
4012,363,5,9,5,0,0,0,0,0,0,0,0 //SK_SM_MEDITATE
4012,807,5,2430,5,44,5,0,0,0,0,0,0 //SK_AC_PARALIZINGDART
4012,831,5,807,5,0,0,0,0,0,0,0,0 //SK_AC_TRANQUILIZINGDART
4012,2247,5,0,0,0,0,0,0,0,0,0,0 //SK_HT_CAMOUFLAGE,
4012,2282,5,2247,5,0,0,0,0,0,0,0,0 //SK_HT_ELEMENTALTOTEM,
4012,337,5,2282,5,0,0,0,0,0,0,0,0 //SK_HT_MAGICTOMAHAWK,
4012,824,5,337,5,0,0,0,0,0,0,0,0 //SK_HT_MYSTICTOTEM,
4012,2235,5,0,0,0,0,0,0,0,0,0,0 //SK_HT_TRACKINGBREEZE,
4012,825,5,2235,5,0,0,0,0,0,0,0,0 //SK_HT_CYCLONICCHARGE,
4012,383,5,825,5,0,0,0,0,0,0,0,0 //SK_HT_WINDRACER,
4012,513,5,383,5,0,0,0,0,0,0,0,0 //SK_HT_LIVINGTORNADO,
4012,823,5,0,0,0,0,0,0,0,0,0,0 //SK_HT_BOWQUICKENP,
4012,2236,5,823,5,0,0,0,0,0,0,0,0 //SK_RG_QUICKSHOT,
4012,2288,5,2236,5,0,0,0,0,0,0,0,0 //SK_RG_TRIANGLESHOT,
4012,2233,5,2288,5,0,0,0,0,0,0,0,0 //SK_RG_ARROWSTORM,
4012,919,5,823,5,2235,5,0,0,0,0,0,0 //SK_HT_FALCONRY,
4012,858,5,919,5,0,0,0,0,0,0,0,0 //SK_HT_BLITZBEAT,
4012,918,5,823,5,2247,5,0,0,0,0,0,0 //SK_HT_WARG_TRAINING,
4012,857,5,918,5,0,0,0,0,0,0,0,0 //SK_HT_SLASH,
4012,822,5,824,5,0,0,0,0,0,0,0,0 //SK_RA_SPIRITANIMAL
4012,899,5,822,5,0,0,0,0,0,0,0,0 //SK_RA_ULLREAGLETOTEM
4012,5002,5,2233,5,0,0,0,0,0,0,0,0 //SK_ST_UNLIMIT
4012,382,5,5002,5,0,0,0,0,0,0,0,0 //SK_ST_SHARPSHOOTING
4012,2234,5,513,5,0,0,0,0,0,0,0,0 //SK_RA_TYHPOONFLOW
4012,512,5,2234,5,0,0,0,0,0,0,0,0 //SK_RA_ZEPHYRSNIPING
4012,380,5,858,5,0,0,0,0,0,0,0,0 //SK_RA_FALCONEYES
4012,920,5,380,5,0,0,0,0,0,0,0,0 //SK_RA_FALCONASSAULT
4012,921,5,857,5,0,0,0,0,0,0,0,0 //SK_RA_CRUNCH
4012,923,5,921,5,0,0,0,0,0,0,0,0 //SK_RA_LEADEROFTHEPACK
